904862
3315
588437
818238
943727
561827
672597
187940
501402
246668
352497
311827
30104
534737
692410
488095
9010
378596
737472
756590
567589
342621
457834
579882
176617
489050
904747
761309
766506
71529
972777
611552
319098
942351
732103
371729
872880
394716
993813
663235
707145
386637
151948
796188
690755
351542
144008
395322
805313
23229
416543
492113
690002
255683
639974
386848
756705
660701
278526
198701
944593
886872
316167
520334
113512
556210
320747
690639
342387
931121
282698
925976
781822
365049
511454
220505
359737
724933
684708
661695
848412
70098
233356
709139
137809
892193
833976
983542
721534
507130
625739
742801
87397
359997
434908
294374
199195
669856
492118
367638
957033
621914
277324
765196
400682
287991
354730
341462
391752
765312
875320
719069
675400
517608
918917
309897
382848
505814
767417
288231
811426
946915
848413
323060
690912
473398
321235
334203
225607
820555
899565
757326
134293
62075
661694
469289
558760
888644
966857
901695
967529
798569
978595
985653
759337
539398
886484
258550
102
399808
61718
97669
122288
207839
237585
843676
609064
782236
665812
104427
973912
345176
493890
375911
606566
860512
909372
956029
383377
370112
456463
498723
675849
338997
669436
633736
402228
907760
39226
778904
991723
280097
468813
368251
637707
388309
125427
565850
639574
121331
84426
611354
841712
456822
870071
800216
415360
40292
984319
910134
163796
425349
32662
685056
721867
969538
518054
717184
770225
649860
862620
169894
293924
247513
595856
357177
605566
382402
77471
555442
501694
498242
718249
135123
397682
582989
230926
518482
589156
837676
204731
710638
524609
381853
663191
138413
654261
686482
965665
289441
464265
599717
402635
571487
368368
495288
510107
980731
391719
467187
555135
479336
861354
72187
286045
264146
269296
254901
867205
95450
509508
324200
968063
519982
884838
482562
431744
513043
733377
89329
797158
407339
670170
92789
322730
644647
985361
139266
664726
638958
878670
545245
895161
276950
947366
348933
709571
7108
820901
542661
763825
921048
912889
504293
923140
601647
742397
544516
163099
621711
73917
502656
550694
188987
72457
520155
265110
407781
797804
858001
247472
536706
397861
504343
948024
167223
507329
303478
999248
556489
495901
928258
552046
219637
427323
220301
37326
634511
843391
554094
597633
246382
661864
623095
492021
276415
378553
443065
343065
892666
763610
181644
266395
824187
410931
803341
959734
66698
906749
455664
245596
974564
76886
587617
946694
508571
30210
478682
607892
590662
877151
856714
292502
754495
582857
805265
919910
364282
813789
769832
500184
901414
80829
47610
498288
548858
155543
516833
556995
394721
648483
334221
725107
408463
380113
26028
109121
172284
720301
70368
150670
165095
727396
993767
506784
629122
73450
235129
445800
626971
720403
975495
159351
229471
542005
753910
839622
845391
344352
87331
562246
77699
431432
872578
246844
947239
714147
826486
901841
474002
832781
657867
830285
828641
143227
640654
367140
824822
69855
82032
468166
986444
777504
568173
645748
373997
226359
980148
767448
257505
677713
151126
697566
40739
161707
877009
895026
308298
312717
390966
918912
935989
634705
62651
307263
303353
753898
669030
859517
893978
169485
682170
691159
900107
707180
799044
57276
539156
250636
144718
851095
734960
941018
705823
803749
957891
263890
470547
29202
699878
293524
419497
117474
347263
803252
748007
605471
410243
350604
421537
532642
738655
991678
221015
603764
824775
573176
561935
36285
436078
36427
5916
626371
643255
787685
126784
303013
640612
256968
404441
839620
942726
724903
361178
890898
74527
255421
413768
755573
260509
75922
662689
84940
814839
598789
515931
567926
83630
372150
554199
852569
573005
447808
536841
739031
472688
727113
357917
39057
620383
924651
881122
585793
514547
412201
584468
309911
910555
258101
886752
337734
250941
784857
138829
411294
803917
814422
700873
75965
450314
82119
47252
929625
950745
594738
729907
76695
30964
132926
574823
588778
900740
819629
275393
361152
701139
790228
785518
894599
823186
557682
390111
712783
121858
820865
603597
119579
909586
764881
62728
554093
564013
369134
463941
273750
587705
148844
622051
971930
547924
537638
355144
133376
678848
140395
704922
747807
774047
849304
622502
41092
542256
299765
517329
430164
229759
68597
132942
896072
163382
289531
312644
479242
547834
405521
540212
470122
871642
120485
587429
563996
715094
786125
486709
836125
69255
301805
38656
120345
886223
134271
330012
450397
230879
109332
885525
207027
769637
735730
307612
527066
657189
292595
386507
233914
675641
482587
967992
877553
849501
902741
241157
663336
19415
895867
634717
201829
871417
523957
784285
571567
358107
90384
262319
209369
214566
206487
203244
588863
963577
373231
684763
500326
421163
375012
207943
685770
194021
954842
824178
894477
538101
946204
110151
863937
495119
823750
214211
503955
149530
569317
223109
241850
716017
66335
397058
757114
387538
790278
118715
312309
100670
596846
554935
476624
569307
119554
693922
615134
270628
871610
501852
357142
368042
924314
586430
848215
695247
885864
173073
559987
614837
171245
143483
594999
651990
550034
148200
95721
286608
370685
374917
922842
442849
764200
868699
555179
972335
558180
950249
767326
89784
268298
959317
752977
462679
356584
783114
479151
557771
121681
618077
216477
937733
396065
405169
315153
869050
87700
663782
527148
390292
34679
681697
858103
666758
616702
835354
824811
914992
788968
925067
692128
700662
413040
651943
949806
53864
656882
387792
402403
446736
146078
216392
687857
700925
734724
17533
602460
607504
684283
685078
38197
81366
599439
248817
622981
837724
376077
354846
900142
538825
884576
808950
48586
143233
679463
383951
121503
765630
426485
279127
594204
335324
469435
953925
20895
592374
84909
789347
111614
63109
212015
650228
87581
725612
959164
679530
729346
278638
638501
660114
595024
45919
649430
953015
41011
475772
235942
964557
807843
310350
764907
570105
567753
48801
479895
108243
329548
197181
457937
59689
295931
129905
445897
651463
170230
599186
247437
974006
349029
341414
912259
961140
260504
673530
992062
122871
565260
439920
862708
521567
978269
861376
942643
97907
267781
940687
958200
804020
388968
10518
447730
272830
165819
740422
773941
380836
374410
796214
926333
558590
545598
473367
950268
38649
928079
412444
646488
873871
937455
398757
109885
824861
723336
7374
445890
739595
658620
728562
494792
441546
947939
518058
483951
758341
371789
468860
998999
293461
993189
878232
777799
265754
650822
745527
797457
57330
545814
905908
879136
292317
626079
450923
438767
53378
711693
83950
475966
397613
157629
461272
437353
321067
730589
99817
633769
518210
613549
349966
576118
67675
779207
948316
662990
959219
727730
210805
373331
961250
325003
523321
949101
571942
696970
680873
922233
940267
597586
304641
645608
94535
744029
69309
592770
691196
958151
372148
762460
497455
188224
3308
805390
837505
249686
498119
960116
698223
922846
400272
