573287
485859
911928
944890
922045
668428
320696
621227
730874
764598
906092
481921
90145
720254
671174
424242
788260
225964
97334
805055
532845
124736
865191
357773
292360
235883
656993
788040
134149
899745
25290
410273
238496
340055
655507
687903
872721
41457
564684
82845
392823
181295
435718
622823
628617
447494
280799
128851
541100
507252
974035
614705
83890
191095
266333
519597
978877
232580
593839
141779
765820
229087
488580
639389
503785
325081
304405
146222
818943
729190
296699
995622
368309
41771
132812
507111
727591
856470
865809
681617
926175
792188
903438
973646
529066
861122
57954
85572
613591
680065
414114
729725
19653
815969
832011
292306
908007
899665
824828
985291
811444
429452
802106
352294
364977
588342
43873
936611
84001
907170
680050
712306
682792
155225
551093
979982
581559
84793
647554
44671
756011
633047
78793
265160
807735
834997
620579
96081
226216
662479
142105
652456
441026
829094
184712
747793
729907
945888
285340
799130
21145
203962
262923
754676
400416
625151
307769
923183
42791
45065
727431
487618
299962
43796
408605
558351
340166
212954
507820
524442
981018
935885
515692
467196
739687
323221
916605
822465
969499
999823
181263
508939
361392
940404
993155
778668
510593
856232
684037
608273
156418
368990
437572
798692
871637
980882
533888
886081
583652
307755
437701
782841
266386
675552
317978
993909
107174
212838
662355
22795
439422
881451
776891
788607
54429
472213
772222
769429
620329
327100
291792
460161
116263
875389
181751
965702
481611
318518
967975
236963
985878
854520
923881
844108
681750
45548
336758
174124
248410
538521
801214
66999
223002
887644
3457
286271
850009
490015
453768
321444
386416
645300
845180
827152
213078
225136
929546
649681
822402
946959
494520
208276
299324
382153
111559
600380
152203
129424
321917
978580
31074
281611
786808
437153
453519
344694
675304
304172
614937
662776
939189
959791
680387
177406
249693
229958
457149
635844
163276
781388
625934
257245
491501
502501
909298
353123
865165
244817
884931
43229
709461
956185
771090
954750
856253
352503
863005
91480
519411
846011
114750
714457
126599
809274
497588
60769
261278
773884
815700
542272
366430
484245
39025
747587
347015
269327
233248
452418
635953
200524
875581
517121
213523
265666
453366
223396
953248
651229
826758
241413
603623
445998
579905
145943
124725
217424
427381
501918
300592
107317
839523
588921
773628
452824
976460
103109
402193
476476
362492
490222
470409
277020
831673
801328
581372
426309
450195
467035
61409
228710
796207
106477
882161
281788
101511
478571
87388
505928
85683
880223
685684
133031
513852
25768
981484
609046
136531
787134
565751
617716
357559
601846
401116
369908
309573
629103
988887
101820
688342
40750
990232
244078
602476
228191
970633
272234
957374
363720
694602
192452
878909
721110
882504
900701
936701
446208
225865
328015
910067
701744
986819
628073
180008
725299
6597
18814
333391
68411
580765
907259
164640
375562
481002
822695
205699
226949
303103
696347
79603
215549
485574
880297
164550
992247
426899
538744
510580
877019
695039
164558
425899
928428
678661
479688
633866
518367
332304
369292
239715
387283
735125
978916
811286
482829
189394
949271
340129
875293
554724
275096
231056
950144
943545
529177
154171
385977
211667
68615
189146
2166
308765
796182
989034
721411
869724
814445
720048
523353
190536
669309
971111
796888
704530
930889
63239
871320
73211
288261
368968
142124
221387
499761
781292
554914
415557
209741
955692
866476
286715
990649
283124
173209
6490
656140
820992
765161
530668
118214
702757
309443
862017
526612
331494
770957
831164
148021
588545
216680
889576
232791
801729
803040
692408
260431
944699
81056
742855
52264
693576
571048
455753
391590
592722
217551
458881
493579
5049
75657
326104
501027
807909
537300
927412
524190
915768
486047
659699
685810
972632
848414
274533
209180
383537
500659
386735
663429
913857
182915
932796
122318
473892
74086
931567
475488
255238
146886
868610
225929
275570
57255
948608
69497
520927
785631
560737
508537
847162
536331
419741
408138
667437
441923
453248
337391
679743
615835
322
976840
299210
97822
137088
178521
509380
60500
119519
171351
196636
361231
451473
416980
452760
550552
927295
685899
852527
296353
702043
36788
49361
993511
699375
542904
666042
733837
818474
675927
310833
406178
692446
87173
331680
217554
299780
20302
537368
391086
366315
90042
306801
411941
452671
702713
978642
984586
123837
113769
610990
993485
183743
649836
619427
43955
211126
60489
464432
869411
700706
780138
277726
815780
472035
57487
617496
745375
89194
658216
952455
447211
225108
94696
701689
663316
484989
364220
965985
667445
546373
457657
893013
771005
432428
688920
907901
836231
352176
257535
207512
854946
748316
235510
856853
231128
955711
642115
600093
495393
55397
894738
208769
289964
324160
271383
284912
536847
384327
810823
500852
569672
306535
200287
57191
429344
231147
500364
211044
8650
970250
467221
507230
9231
256293
991905
328540
338413
476270
524389
486716
814464
582242
342012
885219
899004
180751
896184
720625
266586
641731
423195
913278
753026
285661
581661
111148
919015
578641
195099
329385
547368
566451
587474
215551
879919
265628
75412
615393
50758
32517
617910
227582
682092
167192
935447
620724
545076
99158
935203
341156
976324
39243
390169
507325
50829
781360
374405
699276
297919
841980
960861
586251
196003
412294
794379
737345
274167
935184
949141
89151
891621
358894
852192
181374
463084
253741
936725
989857
675673
708207
608799
573684
989331
194831
107139
563173
327558
150666
68083
663518
673430
302006
972784
312730
21327
824941
387127
859848
460937
93389
746515
116661
322268
794071
97892
723599
849386
106270
492558
275479
147248
768934
287840
392482
461016
349
549301
432540
476936
372713
177317
611214
906467
310639
308734
546598
303090
751243
359570
320344
925938
620543
217102
395457
986400
458565
642568
159451
915290
567462
217404
64887
680662
808162
445353
292229
650865
829949
615667
297332
553658
276626
87259
754001
961839
818395
394879
783512
659403
897420
14385
572098
75151
161469
1179
191260
862358
766755
214960
306378
827187
139227
133606
375175
712830
534478
487295
149340
510791
25389
521437
743415
915055
464020
90003
961868
774629
747632
181519
769111
633663
868991
72422
832198
555103
238215
708347
669721
892427
5250
432802
568545
241951
22171
502297
965898
26916
298877
966042
72911
968048
411624
482110
639864
814255
121249
68631
876613
283378
879223
28047
280147
185268
707188
599325
889472
794384
658681
379169
409722
673265
874520
765195
672450
211365
466435
875798
787573
132249
301546
281464
73650
140132
835366
885512
346571
574410
743516
379454
305644
216963
232696
28858
335873
415501
76930
30911
489469
705253
107094
590277
327174
263256
670092
613642
870821
391795
812935
856608
340992
922854
47227
693620
152628
988380
959450
626154
150439
22261
559892
871063
212982
813914
950606
941987
596173
44040
796597
985258
251083
770832
54851
609807
959053
477732
73469
913831
206191
391763
239247
311810
40984
783055
921771
502815
330686
972790
839944
495748
984381
719687
45575
917985
135958
32828
193115
135313
217761
381878
155932
62155
936886
164389
287915
109720
639280
670149
879059
966394
691946
817281
223261
269746
293128
536239
251500
67193
814713
793056
474261
231862
458290
761965
362185
717090
893928
657858
649839
30350
657095
498683
225290
628135
219743
477183
202559
319061
272063
7942
769402
508383
705623
950212
426911
138089
968325
944723
281262
791474
154875
155192
634310
237613
383349
827612
711735
902810
72361
700931
634430
746451
663989
182886
690187
809104
846606
6372
482522
527358
91898
777598
111988
615173
491123
388289
449162
539321
281665
123915
764721
874592
834614
538172
537663
507592
9805
246732
88717
723610
762665
930964
284867
763336
379832
470929
140195
445089
373496
591597
506721
518966
292065
687672
507213
364093
949655
816772
267596
893657
677767
914946
386692
788728
300244
959109
22626
930084
556583
990386
715292
782665
451725
234878
704859
995986
773055
776009
551317
23412
568580
14138
492989
530958
683624
203849
640775
640118
775282
505421
385160
891602
359365
748040
346942
685456
615912
93331
641873
30925
448559
877131
730548
27660
368551
137991
706673
401114
532311
626107
181801
639705
394836
208388
202462
577860
506367
876645
795618
44461
262702
537608
814477
241356
723405
307533
286498
653156
468931
472715
594458
922938
27894
807211
228612
230705
216843
358051
562322
88151
705630
865730
229969
184337
386923
939024
974057
796346
522747
681992
977265
603204
468386
549510
789493
835403
501400
126382
512351
52297
683899
104088
284929
615355
559151
174473
899944
680928
531928
100179
622251
820872
412673
524779
145767
808164
339462
67838
154267
580778
954152
902075
660263
884766
745985
311767
695261
351917
471219
467578
624161
795218
403444
502160
3740
60421
509370
988588
334530
36138
185430
190205
391021
125559
314385
988577
516261
473632
608394
120739
260896
886601
466884
760564
998501
809046
715125
964200
774508
741245
672341
906428
564772
218093
890465
192791
452653
629770
839627
165630
77199
40736
733691
938685
132754
619119
459528
370498
140321
201038
258357
774349
404684
703629
452724
947951
654595
670326
99871
956403
928124
346583
802939
612348
896235
249036
668722
509644
272973
617872
983875
557510
894997
812726
945209
588210
861159
826327
95074
449833
328404
388166
967051
525109
750398
549590
325916
157464
653150
341375
19447
624142
732677
176679
330164
277323
615419
701162
461080
474447
928027
310069
670327
201086
159968
598903
71751
281055
460409
227848
820271
18133
353634
437370
35731
403877
726801
426266
639337
429993
133603
89394
386297
832353
127011
118827
98006
6327
176068
488479
375224
364022
190770
1328
896521
699239
913155
728035
961774
275074
631554
290620
36825
665626
682986
259729
77101
94299
487069
356796
883271
718757
668762
510165
576892
545921
249308
308180
848409
326146
497538
582334
163874
64247
901358
374234
391759
936298
801380
662199
677785
461661
712583
815466
568532
147634
73330
622482
17472
89550
722985
470935
7793
189485
419013
978250
88985
323584
871977
693509
298363
189940
701216
69632
378938
307955
192628
847316
123681
424784
681399
172025
612699
735203
607674
524676
946626
168830
788350
992465
178843
294865
556654
995490
476543
666232
707763
248383
672572
789098
375279
865806
756403
241691
30848
210899
128305
671963
672410
787808
232236
681142
68932
565638
744507
239488
118923
693698
114756
795433
669719
303347
92053
523550
10824
106100
584317
875129
649315
90022
892644
681784
377228
178505
900703
463575
808372
404798
353187
63695
57747
200558
515048
284594
199286
501728
875323
557712
53889
351433
911877
765610
32567
584295
705927
629102
700984
374421
911330
888696
458753
200622
967533
472498
950081
529143
181121
567863
455871
382323
312931
90679
393560
182328
335000
749123
504789
453413
744012
578362
125782
529781
645195
346241
453666
67728
63344
352847
698120
722158
80468
780874
681204
40243
761297
970418
474653
897842
608524
97851
210278
374758
105969
843653
554808
875873
222068
412819
230438
534900
317083
317441
992015
805649
37392
319644
876240
341515
830495
913318
303126
441636
137340
123779
125340
952564
134316
372953
548660
448774
22301
184334
393847
299330
306182
158707
808413
69002
893982
764225
395459
419299
377836
656100
107959
851702
542730
363110
993076
124032
723186
792850
410060
786058
638738
907945
638101
736775
536915
950347
436758
375342
503493
991233
212127
746710
494169
657326
13040
540871
891997
526774
463497
946135
878938
60455
541042
828910
198978
971409
492051
82310
47317
286468
180352
723675
858725
598419
774067
993863
345987
568065
719909
951908
131468
43357
387147
894325
200014
126045
343848
378363
535927
265936
29524
43383
387055
917905
771028
996268
68798
44903
537098
872029
135100
630847
856577
144518
136176
133104
10088
870292
223080
6866
826014
952652
966868
252271
232121
312852
408374
283837
473514
221020
549985
667694
591971
349503
829146
277486
206994
150261
817403
172038
55216
228044
23384
661121
86502
714974
844896
962682
54444
683877
465405
551119
389622
474100
869480
220486
430739
355113
395035
347015
721693
680657
897059
835166
835820
970596
395292
279036
365883
465578
13943
861613
535549
162898
127705
379414
227864
647297
339134
948021
406464
261960
832063
840570
785941
788480
419913
355729
993685
475487
816670
800298
17605
487789
108360
248185
792725
273715
838903
763733
465585
777809
718218
371027
139145
347633
43251
890865
436015
220633
739211
540402
907518
825953
186093
896043
593378
875251
782379
866361
371233
772336
867523
649906
457951
195941
36161
622155
393088
791658
539305
491763
785403
352160
758188
64419
283277
382294
51653
224518
613181
913034
262636
514469
189248
658696
648820
778661
641191
593554
400768
179346
272954
561521
196960
442004
896679
215099
242641
474490
420853
841945
919096
822338
765098
831002
914741
451185
921100
939683
74376
340602
110905
209519
71279
764169
204714
902171
862985
826812
545362
68985
545357
919896
557009
744531
206947
38838
616883
825233
338814
508982
753477
754651
624132
501858
69238
861109
938590
866305
834354
89327
693663
709271
206815
852785
513020
412548
189071
608049
248805
82582
101331
769351
566905
664630
313631
535299
950765
26326
464034
586419
899683
13018
576421
475578
265995
680339
191518
535801
355977
227392
205718
974817
317931
780683
255038
96688
585341
9820
885574
375074
245243
696083
725309
365926
362330
517759
733717
302954
198513
467473
979916
984110
406534
43137
109328
943179
53720
734441
512341
246098
394358
824773
409942
463359
144282
481908
228823
660246
11462
622911
340963
348871
370667
230995
240459
480869
790594
45740
178061
376190
459037
558772
280354
473729
34354
427899
215936
749329
898292
77254
886139
417298
755207
739920
962673
60147
103541
693669
471322
131162
487123
908192
121940
113187
298635
143907
255456
104020
639544
184175
533295
909943
920588
825117
318880
817270
665805
67369
527897
826254
817473
122407
134376
291486
483779
317515
680003
619682
23476
546193
253496
625861
679150
644009
375795
529134
1329
468008
549124
389465
570969
585442
607918
60341
801522
827830
591481
31779
629515
774026
100977
351841
640390
369230
436580
6866
136727
404442
577457
921842
783318
55757
449672
680878
164619
841656
492462
669446
761178
955294
374874
116764
737195
758176
602497
529246
829583
911039
842526
346651
248490
436336
706520
591334
764732
900647
937783
561016
589328
47637
602889
29002
789777
956573
877214
629081
815682
478174
492886
246235
138234
460835
112351
267414
70149
970017
544372
657690
621485
613934
995075
823692
825396
227785
987516
319674
13343
754941
723642
183515
295073
691329
272903
581741
771157
576431
733997
186762
546899
379463
20982
925606
253998
156044
273103
694563
938455
613112
36906
791582
670918
553963
652448
647799
5788
725483
652993
395243
678502
371301
506303
425640
502362
614113
775499
250574
50485
431121
793229
748234
486614
715349
278048
825845
321509
999107
59621
469873
176697
850235
59357
940802
959467
6003
951795
393991
634185
872563
902785
609445
953022
126599
348510
757327
332815
171604
771990
356608
375421
600469
680083
629623
606787
15565
299904
368260
992014
76487
231427
82566
330125
75850
146579
135136
43507
478247
288519
172813
360267
53679
190487
200507
734074
295565
520186
190352
853706
443210
631837
374993
162662
53609
722201
90346
193414
277387
971448
564665
760147
221634
462052
796375
518655
392540
996773
749858
141412
509830
821564
287403
537025
889403
744076
233988
386546
749596
382498
467322
316760
602866
361118
900465
207931
62720
272779
112510
395879
804640
109631
972111
725727
937119
220372
926388
429625
618295
756798
511431
506982
941377
311413
823432
266525
816273
569439
292595
258808
123399
798741
586747
432518
494160
868185
155062
98698
376349
647008
395530
848898
423540
537433
843449
206623
390998
84134
981069
875046
867162
817979
483663
661587
538727
739615
514326
922276
498523
406086
124435
125996
21997
160675
268851
670867
117337
595041
484090
935154
699256
961526
75396
38309
318414
733044
37257
910802
242645
547478
430809
116957
427214
359820
521587
483940
282211
648154
529621
505332
877316
102986
151107
650905
390744
19666
782303
157365
511092
976617
58545
850019
372542
923411
423588
765149
149233
86876
561180
60863
889863
902557
520946
25853
762489
208916
569862
688043
775922
10492
283489
68910
94263
868922
602193
667778
444977
434624
444905
406640
380614
628790
108620
959142
127447
717914
171098
99476
368281
889685
738940
736557
83680
467653
835742
836084
503798
380027
289373
205620
728885
744082
932449
845992
393155
245519
555624
650660
496747
445204
519881
278027
401173
296975
464532
490926
427825
696406
380272
157832
778578
655006
872938
329961
460278
115769
857707
325400
255092
702032
820446
579721
856642
235371
837931
58956
865732
657357
760995
856987
257140
984190
514382
530836
39095
475176
943976
940680
50140
637539
820182
730578
79453
872845
701339
365240
983132
478656
321503
282194
497676
271974
414842
8177
36230
569358
581091
373492
811863
364122
642650
509409
945355
317868
878203
333220
907364
624158
564109
649952
653996
509343
989946
619653
183917
496518
75700
455414
349624
712199
644279
754726
301407
624288
874368
38690
452733
838192
184139
661277
44104
525279
411593
713799
219251
385871
29588
634204
734994
371030
482024
24038
109641
596077
967615
167585
159415
716573
136089
860490
332971
140779
331598
434718
312485
350363
459569
169316
157167
606038
228361
881823
672944
240830
386772
799333
291305
540332
714259
552141
216399
367889
791341
453899
171914
433413
751417
254713
551328
713022
524976
699010
706779
807996
351483
690233
375867
284095
729520
914971
254455
769633
676992
7034
898323
511287
834238
242422
761959
578736
177769
451271
191417
46834
41603
978591
456942
572348
618911
879093
499502
800866
584211
592053
765309
526720
59265
828242
651302
217932
281589
897512
725020
754599
660478
530082
476740
173240
594858
461005
373442
501444
575213
129772
748397
714614
95791
730012
315752
586085
465227
309312
927150
580523
680766
94657
267560
25852
483397
826642
967779
148140
366228
783981
242015
577983
324564
771018
22179
798199
343019
77956
862064
473669
309481
910203
927285
939077
416879
296736
566097
224677
178524
737158
727429
821708
214620
275612
490623
318838
898964
510630
705687
674936
631904
210311
718789
812437
902735
459418
785410
861782
390159
806621
872630
909255
786042
468496
174547
549189
458702
718067
98539
961984
869706
666059
602288
345468
11660
586121
268192
58838
325046
354346
256553
123741
915386
856573
591782
822811
1320
125749
58901
367885
497546
225233
991521
991534
303029
317015
168337
974167
889131
225080
838080
261101
232391
177202
65695
577431
531429
874325
671881
327915
722622
618426
256657
169804
40146
296016
870691
626763
824147
529138
275612
128732
782589
240128
930435
722638
742077
764296
486815
160892
351096
964075
807215
860057
682943
478349
651147
253323
410743
134355
963904
743874
390370
397177
852366
930928
474034
462981
721122
650170
965639
44773
133613
919306
525285
894679
533761
751757
212338
744222
488546
939093
491383
256974
562635
39842
41286
981782
912661
581439
262664
242026
215842
791404
989400
304871
393711
968015
765426
175029
314643
75128
275701
183831
198529
474420
463021
373984
604571
160566
672366
240049
223507
616573
248486
820968
976699
702578
300228
878247
793602
83180
844445
269348
784894
975714
411659
903416
717453
78063
64969
146478
874707
745242
216497
43572
278615
273730
800384
577728
830310
528183
194436
94827
919135
579238
161166
994330
969445
205263
950454
701757
598522
332787
452316
873236
381467
593445
339126
914217
885699
427247
213408
268166
873662
834109
524755
767677
905096
632184
452174
555229
803707
90443
78748
282763
635316
528015
101252
510996
178380
521117
861597
453122
756485
728436
831218
808871
975258
827868
895813
782848
69277
221855
820722
916043
683287
274847
774994
601687
274437
903152
266364
387231
560389
364764
369982
875763
988746
321640
83168
422833
489633
396124
290657
514037
726800
522451
384788
986064
850591
399301
898641
531737
806963
34988
319724
472457
355668
320518
220051
418560
582727
320879
779211
445195
77446
444336
232250
657235
723077
811941
564123
805278
456891
478041
746711
862489
135968
713303
567795
733331
280762
755251
568964
707101
419298
100378
156659
220861
214029
788793
726200
964868
373912
49969
61727
553350
359297
346859
227122
646028
750578
899355
986503
885495
658384
559218
291594
240081
511583
998646
97503
941699
890939
431805
302122
467723
951381
903672
40142
727372
380297
529288
403112
385317
505374
724595
774784
91783
901860
475964
594015
595417
15368
213002
633021
664006
30142
528039
889030
354626
906708
136546
381702
755554
884476
143408
896553
450503
77859
425727
193278
96514
823652
547224
262949
861563
128115
908697
69187
678386
267035
709605
584284
824988
477491
739300
672849
499529
568850
734659
970169
174483
191872
103096
933423
688902
716337
965394
429247
802612
635214
294054
737463
789730
694858
527977
326971
878726
643034
641237
416817
928526
779080
68319
966420
513950
403486
494930
420288
75943
685988
755424
808892
767686
925570
836694
948692
576617
853718
800681
398298
709204
797625
871702
212615
533274
619176
902508
768356
319748
889747
713930
760397
450386
957753
280764
81087
492359
194923
823065
591159
666776
325403
566744
743040
261652
383339
402006
934252
393909
342934
436229
670450
728916
331383
507432
880306
51862
886110
898458
74698
352796
209897
206681
10750
307646
595850
639049
599432
517341
439115
569626
265600
15568
476551
706162
491770
319178
813847
105146
654118
955833
810928
456424
27575
726857
974859
216294
928189
20747
18410
218483
128668
504241
351188
178078
697272
780501
597497
124322
194531
150040
297769
566292
781313
811658
996213
962507
470775
246934
91382
579102
48145
132523
195347
215191
727558
589961
655601
109403
204730
148926
234839
788435
738406
170481
664037
578523
890839
428508
218889
813247
431364
863018
125523
176510
189730
786570
921176
394144
386434
61103
719931
649730
779443
934404
951460
321730
946310
518621
334972
709077
458974
155456
64677
437397
641680
88410
785426
505274
925086
466167
318862
433173
369606
752665
504584
71503
70411
478111
258999
768189
734001
401161
156873
655063
615160
140339
948305
103942
602446
407421
632942
929374
994630
356431
172480
732993
865245
397737
466704
297404
489299
840383
812612
508856
360916
890432
340082
999216
531846
602174
990491
385073
875805
496485
268757
955974
489380
882860
856161
303890
979340
893134
582969
699322
52215
115202
745798
350962
585358
113133
255445
637815
561746
808660
411225
425998
348562
216360
377598
83722
767230
896066
606879
912868
286036
63426
380268
602380
739316
346715
274009
676058
264274
863070
250016
412709
175131
718346
604445
654514
771172
290607
229053
268443
441929
480645
21927
8069
631083
107822
868872
48702
314475
18576
704960
654932
530594
21200
737065
17716
936531
514568
319182
801353
289537
487053
257848
312447
666796
659384
615187
53634
78993
641400
718856
743905
619957
237007
737903
799528
529192
228495
331499
147725
545519
568641
712798
725681
168979
451912
304024
900889
964169
448766
992341
994033
488234
962324
266676
892638
442800
741349
629395
655826
830402
492539
795237
365125
550617
904965
901999
551515
679412
401738
466970
750495
309942
703577
331336
820255
684437
595083
463056
942334
649490
841849
378378
84124
820449
16151
714088
274846
528174
887370
869260
392125
872253
56988
961987
805944
985543
317577
201055
554472
48430
584157
738544
705797
405648
334750
306101
829677
701574
546310
202436
984988
211865
494153
71584
834137
216516
946026
587506
371028
794282
227950
465760
905764
413912
654490
45863
760278
319787
467062
235865
697209
250733
481473
257989
971433
770970
277465
256073
332924
321005
438631
775233
446666
227093
383401
651615
137252
661324
171429
946790
507227
326649
246194
403391
247459
251016
897329
657261
611826
908930
390108
209081
880358
46134
250327
432693
236841
723451
776821
511266
834407
616294
691964
516180
579827
601216
129696
894548
877614
366443
384427
802759
392190
995978
707905
827332
341171
645278
224499
52438
304376
136018
283365
289440
633971
560536
853769
974654
660054
662124
16848
528220
923323
412323
533512
775719
711125
410780
622481
518579
220945
842566
125712
122608
237584
815144
123184
967935
329580
141518
693890
401547
790637
433784
837980
589386
506277
661875
332998
196633
300413
88884
123291
231763
265627
75704
892628
138971
647689
188306
434740
58192
604471
363743
178855
405568
396493
483551
593000
655066
402567
629310
747604
755990
206558
168984
580997
676427
397122
143813
605029
502220
42379
610850
287424
80251
794530
400708
58604
140452
188592
749858
909184
625284
717186
102382
374094
335407
699969
298466
56238
194001
698968
296269
250232
198421
996182
410310
293473
217531
93196
391236
276064
557031
352235
695420
75810
755406
596624
338820
103128
575317
166448
722855
696468
164526
103145
72430
434332
290810
7317
278140
520814
706417
514990
421187
260179
891736
101340
264065
895611
967527
736058
957241
820419
481567
805558
193759
674215
950805
877846
346902
236358
268902
489529
972543
910295
939289
78219
445875
312931
304695
425547
467061
536544
590313
892520
783209
849742
893735
462250
949417
85080
76450
706442
997206
807727
529496
629735
71793
140629
535574
827181
660936
7973
548297
712239
930088
474862
857446
798897
171142
320273
12292
89877
314533
14888
915885
829200
21855
723728
564666
161629
479809
819435
577601
502297
392186
966526
355865
337763
294736
719327
147841
514214
236384
554284
173212
386697
282253
931865
228181
652006
962564
135257
937613
426414
991210
8087
231761
952879
745790
23225
912127
297549
990029
234996
744764
151213
960089
32550
754261
144715
240808
321891
933880
453076
728907
80559
543009
418372
905456
989717
955708
106245
566269
625533
775922
48016
855564
22649
816515
541929
634010
388777
391638
851599
662736
631694
438099
501127
488364
455975
32666
34681
107691
632527
299997
402922
451023
435752
45434
173841
521908
470671
88404
994445
691061
185331
688543
189711
949441
75269
827745
656766
594932
305277
989922
967113
310927
143279
215772
131212
212596
617626
499737
803476
910127
527844
144936
132475
525608
217768
93955
731089
370066
499074
498463
413492
999640
243348
993336
137335
965418
749274
782001
831464
857686
581359
754302
956209
92256
77773
140050
375680
655743
175878
310399
219827
308734
819417
369961
195587
670081
749508
561972
801001
351014
174023
410442
828099
175591
194383
733063
26515
230637
627152
825560
332611
39015
489751
11660
144871
14275
210908
231818
739450
357271
566168
686169
641422
647440
122812
589381
430182
995039
206240
638217
365242
964303
431675
450797
444966
708457
572662
699142
76504
941145
112762
857394
682449
490189
321534
998485
767131
36256
634239
889018
761715
131662
999888
229850
247696
958284
99035
472410
709966
368637
551322
342755
649529
77621
232187
191591
827728
316743
601909
510226
717065
721696
493458
781838
266026
784701
563735
574840
785130
705737
910538
720934
470662
986305
986995
562025
664450
209758
485846
269125
356829
825344
766598
175453
54629
262091
451893
830072
683778
37263
802691
710174
558354
151214
870951
326693
712819
598928
690891
179342
16506
11785
523935
754261
558044
164609
247312
106664
251793
950929
14951
384128
107254
40726
978484
879754
187593
740145
291535
249865
545424
251295
908631
675292
413986
731783
980398
410472
638128
46683
88337
677061
768117
972157
213877
84644
901327
147002
436479
700886
617024
250879
206750
435200
394921
221157
793296
839241
27843
774589
121404
96349
213529
822866
749800
848943
107114
879076
47909
951234
531408
529821
903440
736395
382651
874736
444909
718592
584979
136193
599141
41516
218338
184733
617632
185161
618295
307462
551488
780011
338432
995153
107975
78423
193489
445557
300256
669885
236274
80762
626449
502283
407539
383470
460624
138272
357175
579855
831223
995797
835686
574624
460954
694930
127967
711138
556680
702486
162533
622321
353691
165541
949943
702682
352404
241532
381423
587662
373255
859784
855778
967766
636519
539459
969792
299485
857948
884455
774934
642563
474076
607545
698684
880666
274202
548739
732244
529891
874813
444615
603158
522503
433718
655710
997787
525874
310059
370279
907901
151847
81296
917345
72064
834381
538004
923531
551595
749682
571517
238272
64837
550763
123453
371201
536570
565341
837904
65696
797062
997922
225491
878642
122416
580599
751924
258688
342333
231387
525580
740068
534143
253193
982035
384574
775711
456576
759883
234534
668777
784069
770706
731242
778686
866130
822424
54975
140963
954753
88259
54320
48303
196072
301165
966283
559947
633973
990825
530530
391667
540265
854022
899542
170319
759093
362121
750813
640995
570854
124884
536875
311721
540261
412054
488956
66051
593679
813703
353181
595798
721100
867398
597732
225755
875957
361346
613158
122296
559461
304453
410295
244016
797357
219359
554798
725938
803655
463282
395638
997934
523285
352074
11765
663860
51541
689
681103
327094
826254
916729
983667
347760
585067
120757
231968
467165
703584
614559
602576
712631
54738
379587
449238
327320
349364
418773
591637
381089
506231
146099
553247
691431
325506
828959
888598
244402
581044
373432
602665
285706
507632
346846
446169
257814
200602
573940
467558
279921
403207
490098
717634
43671
251525
88614
476813
166188
424959
582457
933476
553048
474077
726941
420815
819537
607229
218360
672387
823625
935378
124393
973353
893157
741594
641786
276531
411628
836784
414205
910943
892920
559419
951821
993118
408875
440687
512777
392270
786034
638358
169490
291529
660539
463258
179050
631234
837077
556943
526057
834057
260213
786161
181804
553207
618976
387358
517161
401085
376666
645157
967188
874625
303559
536807
692747
705407
574831
975845
615073
890176
368829
51983
153816
125341
102991
809266
849874
665150
149506
932982
225507
942338
711740
450267
866389
790356
690757
278740
909324
278222
366921
8394
17230
10247
4277
964572
781924
288732
272196
270217
524047
729373
297440
903995
563121
388048
225
757058
871921
266418
362353
674688
307869
969650
218157
371085
430131
210658
352795
996480
237116
403834
445207
962768
12333
953178
555023
570283
402565
582423
610116
298391
760840
817790
499006
88479
603771
311427
193849
877371
144497
240493
186505
293439
707898
26337
180156
989568
214853
391630
117784
257404
78338
630936
971264
827517
715892
701039
662901
989188
722008
874823
605341
850485
466870
656534
910577
217821
414483
642893
390209
550860
731687
817805
290173
440934
294604
417873
836029
338018
303184
894792
602138
898456
592382
731880
815732
525094
69739
515492
255376
487386
589572
139522
292935
642278
433773
94750
629569
542883
11394
370980
535056
259006
676720
242235
215029
248213
167910
697361
639569
966132
583807
292900
49568
502750
340623
691035
535378
793741
535984
877114
661312
743646
132135
338790
884418
575784
854714
502005
668359
919359
337688
122373
844622
424252
314872
36882
600047
15512
160939
432269
578108
154301
72559
677116
810213
132714
295553
164757
36017
321504
410202
81019
697027
407028
179310
892106
432076
19304
118441
480954
939153
453311
667872
554859
236408
105774
652962
709807
308247
316854
313310
668247
454979
396888
672450
656372
717046
562115
598785
510964
16442
40354
244267
75368
503191
657008
759615
849485
372629
139658
478851
961938
469870
485230
383611
572922
244002
112939
356677
749359
780722
528022
695231
78150
88168
511882
4636
720515
765139
909372
477008
625462
239498
591070
332260
356462
687674
225241
497095
788276
195218
518219
814507
488733
969786
444274
589393
233233
43613
497630
980430
374777
671912
390796
202152
753826
666257
727986
529238
167887
939303
65353
844267
951473
616594
231547
718304
612715
969481
576125
445826
878077
313448
688752
744906
343614
558060
677052
789803
516907
141065
330071
282431
505861
403345
175785
467886
707150
802382
326388
26732
998622
878526
63116
146053
508298
215048
316198
866998
780914
168709
686650
90268
601917
630785
945402
414252
678896
817505
756012
134989
536498
740877
153195
322544
2839
453533
390286
885577
783353
55417
757219
668375
874657
900594
417535
320136
359702
855072
525255
610680
418130
743220
110462
642636
355859
469905
842586
558966
250137
466442
692888
826571
498119
579178
12386
883018
666955
260374
582015
709606
961389
753719
890359
3152
937387
652399
504120
13405
174774
153438
889529
519460
208817
727400
307409
405361
623111
896865
239586
894909
904610
864309
763558
872483
24014
637864
115710
546791
160837
951536
629940
462461
493539
766822
212533
766740
59713
358012
181481
236179
309424
274174
34261
665808
992101
442360
447561
397398
396201
923300
60060
170021
126796
639337
457629
716846
85095
758576
285642
889491
620747
234412
607803
278758
724854
117795
565065
924043
880781
555287
650836
770736
603313
366018
152909
245792
806068
832228
568337
204520
856551
671432
800416
219477
843484
313209
427689
97626
334912
952515
695218
395632
143992
255032
729439
667525
767656
201823
206218
783175
282355
294941
743230
337190
913340
553361
674764
817970
53563
979255
404296
64231
497293
460341
558988
74475
578896
962360
322098
43276
634521
533360
382832
275472
215994
142599
436979
493468
617221
86212
950519
70277
974197
87011
229199
840114
798155
916018
631106
988439
729798
777392
410271
700664
368420
653507
72617
936348
516548
229241
121287
199935
186934
446607
870338
552898
146076
928250
913893
451010
401130
810872
739437
424367
340654
15811
628881
365461
861791
456730
654329
232023
774009
130670
787638
296579
972673
102156
238946
889433
399121
549390
154867
115708
102145
6688
63753
926486
706081
209774
235610
220258
46493
679014
45660
407361
331934
27782
167713
693722
108471
981580
466548
45600
879844
681776
88001
522391
260527
521629
463966
516150
16287
785383
495247
5514
548472
133503
832895
45379
257810
138051
900347
603990
193871
757887
256033
786961
547699
989394
542838
392864
32733
147574
862424
48682
42880
942371
447683
664339
317006
775891
501118
200109
84575
445011
625572
339610
792268
905489
89229
445013
31973
958371
164592
478348
401753
94341
120560
307311
191364
192453
855346
734913
730870
909728
253305
829616
69374
979428
627935
425168
140347
535794
328537
769860
186381
744182
609950
467555
82376
743934
914200
158946
681398
872349
720594
323091
668645
889303
460879
651650
457701
465986
422068
448766
822374
426565
421586
341334
520012
866934
359226
461819
130635
212245
350417
923181
196778
771183
319874
23749
574057
339240
60775
882016
630814
6836
429653
664268
471537
607006
936798
777190
577853
902918
483185
342941
484720
625210
547242
848177
348453
833124
880408
839849
664157
309524
777670
149908
4266
638052
621767
815096
104839
764795
97326
382977
683526
510278
762220
883508
609100
456244
986264
426590
920125
412389
65431
101276
267738
544363
105914
886423
223304
601968
204735
849652
203192
618339
170277
292196
500152
468885
663903
450797
436148
774956
321748
836117
340744
978645
571370
549945
781763
534303
895343
580805
895758
910548
859252
495401
275693
548634
925083
11664
255120
786008
198257
704657
334351
449042
787199
34695
680781
975197
893844
496604
617869
241733
690428
703169
562583
932730
296601
442930
766616
747117
520950
671814
115308
92446
907017
153893
470865
636975
459449
308675
553862
732309
914876
293262
572810
259775
168986
645580
92702
363700
467173
825488
447302
899949
102798
839755
35587
808552
72323
793380
252208
806892
622309
200432
784356
955550
886172
297718
804903
659665
857529
885321
417209
610114
666432
523160
61514
196218
972430
619766
631689
974780
750820
972537
261236
513514
866470
709761
270167
565721
840866
274912
322178
663711
296013
282316
97034
233209
753842
649021
758842
144853
980383
24876
792244
819761
668373
496792
159571
744018
774153
402082
176070
280965
924234
43691
153435
586449
914083
61018
939522
141748
339550
19485
991259
228609
63298
488337
139841
301146
9087
714877
536782
576962
118971
2221
732230
272681
579790
791461
798129
864817
662122
436017
783861
440165
159348
355759
316854
333060
729055
819417
487901
58256
968366
385336
644003
987229
404951
788898
90141
358757
931732
609526
323586
65039
935697
155780
882010
443026
238396
939343
631919
550730
62403
35274
851247
15598
63656
589993
508976
152598
418365
294568
487861
734087
668004
275428
600284
489229
710590
392782
167386
815559
250155
416291
894384
576304
392436
164205
830058
900492
548950
501546
533683
490706
531089
378653
73524
857875
532829
158078
54469
157488
96503
282914
778969
666333
300507
416218
63436
832178
11123
581703
600702
654824
208480
7136
497947
540211
386116
11764
721965
338056
589396
980022
667625
155916
746669
426768
75384
262207
913339
728760
758490
99200
532726
808858
336608
652640
54665
736510
276642
610232
474098
409533
244588
924171
562001
44525
241242
790051
78425
159665
964608
556457
650181
6910
707707
221729
245040
434323
604799
414646
861263
203834
218674
732393
95282
787935
145357
414117
633079
812123
523342
825686
785031
343671
137348
926961
55544
195983
334121
474870
151985
486005
128673
346185
21774
419257
458306
560007
307412
71718
210627
906866
546143
5023
288169
405504
347936
441428
25820
294121
350072
425543
889981
231092
699681
53139
519943
816603
577568
42107
448236
302326
371590
509915
653424
100039
139919
202359
608164
644277
626268
980413
704628
898792
87510
616805
821188
376626
198373
941288
113295
423606
594515
400368
168158
22830
381927
852255
129486
272623
470590
778100
29040
145273
837228
58186
860308
50147
482444
194788
206187
266843
130029
993299
153758
39741
357128
816394
442245
12753
168578
100119
866162
623155
270130
737724
611526
273799
6788
659305
15434
595815
540882
506574
189631
475260
344829
809813
375146
157201
163519
26994
869796
441743
696050
754706
220359
328876
667134
807062
423055
154158
718581
836818
744881
666843
388231
656975
108299
190200
475087
736100
523139
640053
107114
158543
966405
816644
417047
847938
397833
69103
628102
347879
182162
148607
309784
287012
712273
514376
190441
461382
460221
571683
148764
223122
65088
342580
452748
509320
806365
31862
574039
324471
920906
761614
396080
270031
765545
929307
932348
537561
223179
293225
552523
648096
923875
674219
279947
883671
292999
380069
306698
112667
807184
768238
40406
39995
59151
646996
609381
865532
823722
624085
653246
430330
53486
296471
190100
718870
780445
956472
994913
375186
996032
417619
816551
378788
177056
650388
214785
753677
422208
111476
970567
59014
743079
869943
348710
798310
864060
179674
68517
708634
426891
376794
263697
953696
395357
267279
943344
547011
49114
180484
287257
570151
93661
9733
235344
571521
394066
400443
186479
636541
283799
763616
646440
247945
269131
620020
170234
391420
691420
334601
517116
689808
53971
173098
863230
813869
734383
914609
416815
267159
397995
711456
257281
300313
160158
912883
785000
461702
123804
841996
706898
294919
954632
202346
781794
743298
240669
813375
135881
856456
931349
295908
106476
564835
339886
332452
929452
571155
787150
225929
337670
695223
195695
452073
978668
444284
940165
842302
638358
257892
829547
601558
188707
224360
919529
654261
749969
409291
943638
641876
784638
317791
615283
837639
491863
765971
414134
192479
164518
439076
600676
235599
266222
842437
862564
777511
346590
428354
486175
325961
87506
984218
588963
824595
384720
383918
886899
678026
498100
449268
732554
763539
497230
888807
169735
723437
679016
329943
146560
760205
118529
691148
944493
643967
754935
742714
2343
995707
252833
359562
975759
837383
810359
324047
68569
119834
380603
375330
757674
453125
131072
934199
461271
953717
504963
638272
405824
425241
356101
713563
147693
323133
264573
908183
26512
734256
793145
115372
77642
41397
867226
693496
437889
194714
37974
14791
915574
104539
674375
162664
447486
204013
513440
130507
186346
659094
907811
287514
448684
262465
123921
229755
5849
549321
73284
152826
641986
324868
236678
359146
534004
833035
304223
949702
304101
736905
558209
618493
752713
142400
61552
709441
149711
963935
752828
456639
164810
344165
601108
311732
30317
750103
514610
199932
665005
188285
987708
44657
786003
833295
940318
876594
319612
526765
857743
875363
346097
983846
316457
151063
439818
776158
155654
297557
235530
741962
643099
306540
983560
761729
696068
848938
128310
104387
797191
352336
755419
878602
526220
873255
422758
237582
864352
806967
322554
565524
158423
744175
39556
151953
328402
777772
897459
595969
588048
529552
868797
344279
291294
380195
159816
72670
902464
990647
412159
98717
773267
919802
228765
858261
883256
535705
525560
260371
587447
888162
687171
290374
459283
253650
436695
285125
496235
406193
211758
22063
867354
292519
965116
672035
223409
556009
497249
970194
425883
351321
288875
516310
964819
974753
774610
391503
974787
166509
242748
76051
381553
859222
317695
483496
903452
514366
312712
490865
116437
266886
584074
285283
629010
380342
852047
419719
255088
822681
194954
797172
885862
151308
459352
949564
201082
54640
728155
484847
94612
313811
851029
711257
612434
546319
425795
609419
70581
965097
11883
982385
143439
691559
402168
61065
848225
718510
760954
879968
552449
102778
250503
940546
471490
414113
909315
429006
697316
627727
718824
684274
693685
757494
528357
78828
985553
130696
454226
313840
278912
550314
303494
533208
991182
40369
32594
793935
916384
123906
350193
184385
708547
196397
879902
994130
892492
884118
352710
665441
318348
654607
657316
669371
844513
145991
243018
468597
745300
10063
366109
774883
506359
391361
905042
200715
593026
593783
963007
531307
178827
198628
882022
680326
801011
60885
97218
543689
299509
637272
683897
781051
965314
856118
176365
334741
676650
416267
177301
168084
588373
68484
234876
429835
964334
79240
751692
57241
161330
160331
940257
531341
732702
898568
282861
394753
929548
400676
29766
983604
81773
55505
613017
242181
741809
391881
490888
615376
350095
713711
344933
576822
7372
210165
941553
234279
378648
46869
682589
747182
408638
782084
833654
801623
589550
729003
493265
486420
794871
437768
710878
520099
549792
723209
960464
694963
960824
238368
764652
639609
530761
403547
612186
373954
504470
352623
17660
758057
406910
417032
373338
264335
299514
434449
680461
287281
180518
591440
808400
534060
44175
176959
756562
992918
776827
978830
798370
539393
938724
392891
126699
246183
122504
831597
292873
442677
352423
575060
798375
560623
267454
452363
873912
7891
935022
636891
922237
691262
99601
42118
696075
84971
193034
683523
167523
352579
988080
196753
593087
886292
939760
857331
193026
746543
303143
610172
294203
163361
211110
17418
632702
135312
708047
552765
581105
986536
29128
102152
189333
38943
303549
215562
726910
613393
68212
667819
527774
569786
316516
482620
475613
633218
48745
349449
71769
715546
29201
741280
945367
968541
287788
230532
933708
492387
799527
202232
875642
933077
100552
567150
274794
307749
529164
699310
18181
20915
318025
329094
512878
171812
727658
689134
829369
872396
473138
694628
578908
152268
730846
507621
747757
982974
498693
530656
439696
163332
263179
735507
748085
781493
734438
887008
304929
873598
542938
882464
651501
77531
309662
189572
774150
201900
307033
765790
923135
943654
748092
636625
405250
674119
946727
944036
446735
866253
656157
95312
24646
723066
382035
538542
585030
752310
554429
142555
872106
792085
695436
201126
417427
238160
820731
960641
567552
127906
45219
939120
717344
218364
513295
682779
965611
822018
841719
576774
885134
127204
892666
183845
268420
792403
262857
489072
821770
244249
309879
34280
114081
70391
346890
349944
179802
687264
764636
552580
376507
270337
590960
450945
497651
423725
640700
36928
341764
521948
91389
418782
401574
869398
702344
96273
163456
467713
703849
962986
841516
962272
918190
673833
337592
630684
465326
57485
464564
276108
882816
609136
864189
811446
382949
771863
97535
173496
17063
968725
58788
680560
891488
111176
147024
232175
966613
826179
530132
539319
325786
191768
961454
33004
766084
256405
809161
239356
133426
594948
613486
244788
678759
741757
856475
416230
654674
819457
70943
954238
829962
973642
942332
195548
366589
968389
394666
221960
420204
203459
469437
700858
602555
448816
156041
617453
159690
650539
266622
324291
636043
658081
559694
309702
623700
748191
574890
479135
455705
948055
779230
222207
783801
493350
537617
353982
33556
654011
447459
695719
832859
274324
397082
512012
418517
235654
29064
621510
321746
658460
518481
49168
301236
575861
300752
423309
894596
412897
40520
158204
595177
397621
424744
859088
245616
128213
347358
357100
729002
930962
227930
163894
156399
983608
677461
187132
651880
74350
643744
657828
854973
539284
700667
370582
871517
172042
402473
308634
323666
838232
574932
374367
803598
39046
757710
523174
557697
76882
202593
570609
184755
873593
852564
850433
185957
382647
135970
41032
758726
366947
759887
721707
784088
976066
40356
265964
823428
733343
133851
850029
466542
352417
266067
895466
297756
350435
191017
203558
355617
426394
405094
131188
442273
18942
695000
943259
469200
665240
872440
521714
66003
157340
338060
67700
615163
305132
663976
200826
619240
470296
885128
173841
510081
984368
707727
302476
690496
181561
136832
543903
610429
527725
877853
645195
503334
15366
981178
733941
185125
295623
533002
409303
294710
652882
983403
312135
713291
529499
150201
240628
981067
361263
665192
657857
566525
879237
338730
99314
900852
901440
20260
514869
20981
611944
116104
897339
340212
117385
796610
512852
834688
177410
940387
963880
646084
499561
893823
350550
307546
946875
788052
407855
156884
866682
460524
267330
98960
703701
522610
86243
184731
839683
636207
581467
731248
353758
714271
260575
388553
23064
285322
387088
606531
427644
715934
667488
111506
642482
460518
986664
160445
387733
988082
878503
946349
723756
4582
231909
385400
496903
106842
480521
442336
96682
977728
389569
85052
395555
408482
68304
949780
118664
683820
392975
45788
801980
559779
261267
403467
189200
501393
992554
256934
134082
941752
189000
406238
936442
807795
982189
861139
573887
386226
539826
110884
157296
169179
237130
927089
776648
908637
496158
442490
450430
262698
827476
624122
20265
647929
98955
480856
628900
776185
853599
56259
989352
844858
365436
251077
527552
626684
157404
858195
153191
941514
448554
158603
660819
174320
542145
838445
197738
646382
487770
959998
265609
945268
126177
614403
699546
713622
461852
380607
912759
249311
266342
18772
784738
264317
796182
461912
517727
926099
721691
193520
784848
506140
900844
731844
979047
502253
964671
497871
449391
1056
484635
12708
208278
724678
396947
564336
62056
832035
375662
247441
12126
122961
182163
256128
185869
802288
354412
88787
130998
671066
68404
795248
972555
413366
819346
712932
443194
659767
944582
260813
941321
372184
824886
472486
962024
308342
356011
601974
992314
591766
420355
446617
931313
595306
942100
127116
585202
545776
310686
474640
568292
243868
918368
219825
527483
113086
336145
827940
542257
172659
399323
101313
616693
701295
410880
887501
192973
221203
512752
973556
503673
698940
937818
61422
321541
825673
794737
163694
890849
728497
982977
58193
252541
868514
390222
192609
985143
132955
359690
633984
976677
679328
715709
30871
727563
482571
282844
811957
174349
815310
790737
921310
372068
809294
920147
695805
597391
151186
873313
499557
837514
486635
656027
279040
232803
892278
192352
585355
431699
499749
696929
185960
482779
568777
472002
278200
333188
256461
690621
242856
148474
855109
380733
743453
617416
28151
145499
900257
110287
701180
65732
343395
251346
580597
31069
20680
15257
889358
739190
683508
776945
869666
980008
361653
125129
27023
452729
3845
528515
916810
146536
907773
7391
941431
877708
886033
842182
408895
467539
912801
687408
823819
500001
103385
145708
38716
145173
418228
547416
54381
382833
242350
393906
304418
598007
411515
820184
401472
811566
836945
621519
43571
486769
855951
914200
857538
742503
366589
390978
146661
841847
126275
80989
815940
89742
17635
896437
269461
182306
296822
292192
238716
950019
784382
500361
850529
131981
383042
385874
113514
483177
81854
910218
678394
765804
872784
665581
285841
717946
506599
14641
994486
767582
349168
216745
312924
150708
284151
377894
573438
563477
273474
235361
241957
640180
16752
763469
730448
521611
226210
873594
730218
336268
38654
957879
473985
112508
670885
816095
979456
681685
466252
868372
698075
574982
972259
735242
458546
927986
559365
942247
847840
955957
154671
41320
608721
896105
666854
882644
401583
403770
32750
367872
544598
404707
779228
923411
714855
997001
214012
138308
920406
335098
148344
494726
937459
474713
220655
155642
376495
901479
892746
503601
801855
677549
202288
975412
791742
30652
947078
903807
708768
583904
474096
228426
509766
207474
241705
256827
237552
335726
173878
686999
530342
478229
36444
775304
369351
893815
574075
322957
607047
704655
686231
529125
120291
950523
534930
515594
165031
346706
837090
376856
403057
431436
162724
74612
600935
889498
439069
940971
23534
867040
116864
120897
394972
517991
911176
916965
797832
914281
740532
491642
856880
781745
782937
4942
820956
14274
224293
349275
887340
759440
821136
379618
708016
488374
934237
572570
739064
891696
502873
899449
418625
672463
884885
30198
539729
458127
211741
881434
662753
582708
951228
551256
224563
322669
735868
750382
575975
254650
624364
816096
530819
922082
132998
174516
419098
407291
362918
496545
21867
882299
12541
928680
217012
193118
582897
728993
673694
111996
43779
554858
859474
225553
447219
220282
829160
678183
263756
50157
263623
57235
576046
336324
270226
749903
518164
588258
104752
591958
924957
402713
343719
185503
396798
467270
145227
498067
34583
414531
155591
308041
682620
478035
337956
370984
519551
663327
501241
163698
46778
450901
95345
700768
741622
619208
216950
108090
63281
949071
149290
952962
511903
892859
233330
744454
535265
548650
456210
424107
386814
7867
212007
383746
858860
50524
609032
352849
918320
114156
550787
79568
148576
48915
390907
209338
762970
184052
753739
922599
351561
330382
39668
537223
496145
457394
216302
653414
635885
124603
249403
881145
686805
400757
18554
575839
592091
983265
394976
485788
764952
797290
60764
850801
172927
796898
922930
669377
139434
560449
178281
24505
334033
414613
825745
418797
214036
600316
463825
626658
223549
524875
156628
708492
979612
499043
236803
930376
409738
140993
504310
533077
651627
379500
246485
226385
308290
356975
236726
135109
812958
88524
396911
307197
251405
395164
712955
488704
864267
26448
411589
66135
700795
111882
97161
332263
861361
835761
456879
818903
437283
533450
522127
634316
738907
69167
814953
69788
44337
404807
996634
718190
871117
767963
987815
954560
373199
929644
266289
897226
207110
919356
86674
266803
872147
552453
279453
97231
102701
101447
112353
644458
197460
706418
785332
18441
203389
305079
188959
237760
839730
263397
709622
874700
629883
497158
746546
899867
348881
566272
878233
643562
493623
803977
99240
951163
522212
890910
733843
444685
721140
957327
44679
966772
867944
693307
704989
98429
256700
247440
525520
116802
254851
37310
117181
640687
774152
811402
865792
746058
339722
323437
598772
830025
212153
554504
467450
118419
109823
792785
919110
515516
480161
424051
379188
773894
638400
982950
241358
700075
759122
658876
885432
360039
972893
199062
302307
59575
994174
876647
232689
584104
762473
733640
673753
821344
428960
190371
285317
699329
661797
606994
711174
404215
852783
297370
192758
90181
251307
763969
380753
968247
690881
646102
996103
818118
745372
748463
72262
33424
794174
899942
383304
288381
750775
542365
269296
119228
837543
619991
276170
25956
92747
967613
466685
741702
823843
182005
446427
102622
597020
562337
32969
936066
538547
755683
172392
931703
191549
416499
313226
706942
799898
978730
215551
440282
581765
246309
775772
905683
391620
979166
572374
262144
491209
599148
490724
150588
733612
560021
551978
86034
586042
885795
303955
128160
553487
814850
513655
515358
125872
833590
83929
963350
460660
898275
63107
197647
179140
274405
71912
352925
369408
356438
310286
311991
425945
204597
335589
524543
5042
476417
46197
688338
442620
870246
181125
871381
538599
797596
589082
910984
552666
39239
147044
915864
120895
991471
500528
864920
258346
795789
790820
581888
158018
973072
186930
924860
540902
472198
272169
386562
479231
255989
918846
722865
774610
416686
576093
313650
456821
477854
549151
386688
826843
79057
375127
424346
328213
857336
328390
257250
635935
485257
332173
203538
873771
282440
427713
63052
839451
482309
345161
325549
851446
103233
533263
496140
672850
154577
549351
386025
220884
795224
214384
739246
113158
497439
363847
28810
443314
294613
537782
42062
335335
579285
439790
314398
359884
406413
671029
797319
985430
830339
605814
878222
651035
936291
486351
730813
829453
453598
338072
867776
482578
977097
934511
610367
169397
301763
931952
77794
692014
321511
48592
486179
325312
132301
743505
87063
835065
733453
285966
203750
84187
391472
7679
831208
796543
513038
432797
469195
783251
393511
271689
818951
815849
505947
770500
819357
492099
440339
763174
672537
518271
693343
615314
585237
984328
222619
629037
772724
669113
500663
934664
65809
763873
933397
456786
842180
326986
262930
389502
977861
256078
258954
938905
45204
858553
468420
340027
31439
155448
663859
682314
829594
753045
269315
87714
43827
324302
113787
386082
911016
333659
56606
35152
564063
939494
445339
836380
138404
281687
125418
303349
577218
870482
355786
431584
18287
703902
388285
706184
553114
760547
849159
915672
933999
960268
336080
82946
903146
8918
123586
682365
651089
78902
15545
147213
51289
831440
380420
42946
913904
379523
745763
187191
742814
113429
841539
143213
654324
535848
929369
216887
173461
230575
311453
907873
137526
966561
652488
229985
640369
975118
483966
854857
174483
448167
925903
846152
478460
14904
153935
973510
273944
477240
411919
891806
283878
461291
629782
384383
976834
802407
33990
568277
801256
376499
69554
469984
879175
770684
637189
445398
139424
113918
955990
824773
817906
31410
16196
92680
733321
213575
992112
738402
465851
620540
697361
617158
749688
171153
709750
725263
404922
594801
721792
513863
347617
918584
89613
92354
944680
481728
52298
794429
334854
982226
439027
734695
981562
865362
425084
418205
423518
634887
125045
863374
186686
379736
443675
63868
525230
584490
281476
788303
387277
563767
143287
245105
14201
721005
525956
598860
891113
91083
516219
653174
556757
636747
900066
552015
434858
439495
417114
796770
918104
322293
2137
928288
212938
929570
295667
279958
798168
683856
877111
939907
17017
57776
629207
41171
881062
654227
863876
886546
451860
459528
503060
280919
378829
53183
425376
204322
855445
301558
327887
597213
207481
431481
50357
987403
129408
538137
914515
382680
41365
532848
746002
733417
662432
921285
585238
578795
108518
14345
547561
203366
107022
639533
773876
225244
564089
549084
132648
556415
778205
728141
466833
829253
287307
113736
429483
865813
129039
86369
695446
850175
184863
105861
612043
461572
866939
166199
865522
747229
387514
350714
847374
457084
74692
161709
367680
770341
313522
73912
922297
574741
942919
593199
716671
879398
376037
35065
30626
867902
171654
389177
582883
288641
575122
412955
652317
536971
669402
667857
882170
530455
583729
828315
201478
401410
780631
280310
812434
431231
264012
983440
456848
860728
940792
39303
307392
303861
681717
176630
312218
591653
894111
516643
17425
243747
469651
876823
368515
941400
38020
194481
463471
978668
280761
896442
460416
336760
791201
260769
940586
810974
861449
591505
204865
96341
797118
880380
958692
702977
177271
815173
478856
167115
977499
822180
990662
687870
609567
106906
928549
474804
718241
169703
207678
219868
330354
130709
502026
821418
424677
405639
315725
548546
559230
709326
962751
135764
804334
47663
356930
267643
580404
613436
528163
476047
114478
344055
556192
725309
246408
281968
893178
493015
81754
821972
789611
749486
365066
627019
397019
920080
369386
257139
781003
286541
636108
652551
634434
847170
990163
930268
754152
160577
325812
779653
110997
601462
564426
705307
562490
133933
771292
401963
457848
164454
738285
286281
750523
424475
314397
658506
206804
247957
864296
247959
139640
30265
982628
659597
740019
873074
627556
239168
260107
432573
479113
727387
295944
267920
741119
13794
252842
845590
183955
887433
53477
75355
332811
227338
715121
793561
396370
733678
133206
565692
925750
243388
453790
662578
739961
832613
61134
439719
407538
573698
261003
225017
831359
35815
837378
485376
872223
597917
212723
254147
328272
271524
320722
764364
260176
52461
333501
548223
583619
746892
378509
102095
90165
136777
393067
63599
577252
882540
859708
108540
73433
87741
186176
599347
906282
482396
148345
134174
103528
486934
418571
912539
621902
927773
821890
573464
446509
404365
645674
161669
867471
1130
553135
324903
230922
901754
995010
152118
575328
711258
789024
357897
127914
80488
865567
729122
274962
899719
412265
194992
227118
950954
786339
490633
287867
913665
619281
679149
784793
619098
424980
276594
368704
943169
221245
92345
425868
415767
786917
427225
416462
653692
132417
878485
667983
483255
103840
95626
108833
288825
806134
964959
450265
583796
728322
261907
685717
636690
400464
659844
200883
371169
442247
480549
689852
445902
39799
862476
332949
865831
226727
382134
242143
506123
450723
785807
300925
333248
973942
515388
266853
975526
551561
230219
208327
354185
597574
393208
170428
840899
703628
289929
738523
430080
987642
771541
740666
829423
934241
591214
542987
52433
777108
791832
993715
367863
545658
85008
953822
152187
714621
789044
980505
812093
743688
151851
855424
340341
622583
901568
609779
933559
631837
21379
279439
449001
713687
131455
377651
874403
955532
662179
322705
51418
969290
729584
578324
673726
631689
338776
569328
671676
145748
310230
810203
252512
395143
950835
775468
64927
600083
487951
94748
710485
193204
7502
651898
705615
304248
731841
48018
118534
247832
84686
408073
646573
70849
348390
465872
798977
28309
623576
349974
615268
290697
599490
26740
764922
902244
878303
233772
946471
130322
501177
132112
24929
459903
475076
593183
41201
749626
952697
632675
996913
166543
385808
111044
100681
626047
651218
865740
440459
745875
381288
979681
311594
950340
882915
661652
12095
438636
918390
385507
887193
297895
911967
256132
463666
362666
81796
692236
289824
727144
914904
913289
324430
131677
483141
181752
103089
570184
439675
414727
702223
913341
887317
505897
334020
221344
791896
502545
437352
419172
828129
592464
36665
712096
920920
124677
110372
789930
296227
922608
648682
978488
187637
322121
481090
726505
71071
729485
235140
957156
458255
742324
321358
580078
876818
611367
166818
535456
830936
857665
13209
983706
297024
730972
309991
899145
693743
168498
958424
210800
5956
931227
994708
544581
64440
858769
340005
342303
234047
737156
520110
978702
593745
530648
351533
140910
849694
163796
983034
160054
204937
192104
725245
365409
777931
330023
191112
41039
328680
401121
992137
838095
839459
51097
303093
39891
64268
336196
248058
652961
476939
279897
734780
640245
321998
599333
224034
6926
863015
620605
451224
174659
934786
473195
645991
139349
393536
192685
471229
939250
125995
242483
573377
48137
486136
450124
683039
298561
876317
274583
251640
684906
861570
952637
892634
518556
754778
738200
651415
794189
649812
152154
427134
302958
59350
570807
44207
488960
917018
801948
584575
782569
39353
343328
202120
899822
287167
951671
172530
548344
839208
784527
135511
571294
766862
140413
731159
917605
294872
205044
327141
817366
625846
984649
456139
371842
80405
130304
210696
818931
26710
741899
566711
902705
955135
646799
374578
670658
858367
319297
187440
259368
937790
911755
977496
647186
74209
221263
7212
264315
26511
928201
785834
913415
374498
693293
630556
573902
431244
478192
433731
788745
809235
74788
497525
703894
802734
637834
846288
615342
350258
358849
437529
509912
488182
662536
555451
996535
403685
62387
954024
868463
817120
22189
617332
601521
263525
592355
677
365423
214436
812968
207434
294017
921673
228155
927166
571707
963647
844319
347682
446072
686458
868328
734088
958988
913842
97189
804485
564706
547850
433290
124997
88436
91252
496828
785242
994781
386032
786513
420122
865855
196559
860379
442680
941499
892461
962428
239719
339715
675215
136610
145014
509764
98473
307907
218389
485852
878783
517969
453265
143334
370060
231736
216492
521979
516572
823039
642977
664911
849886
848511
710246
214306
443900
450785
579707
259488
989956
127520
727476
357329
606242
20633
951926
693043
499561
584691
447186
133780
274266
806952
778577
800227
739889
337757
687707
740327
179873
705124
160553
283531
623814
208234
254380
58377
356021
497809
874703
347835
923195
823799
948049
435310
489735
872304
753586
746814
919006
202396
204047
549693
321860
790240
737158
226064
428547
272836
125721
580244
201891
221159
264274
609329
262397
347895
148400
146088
634464
597306
158349
18344
868411
981036
413696
460461
235328
724095
436458
989260
820895
670429
536671
637245
576332
922697
761169
274693
929221
653217
56603
181742
926599
941543
543793
966899
231322
134215
990013
965345
48700
750257
442198
273267
132832
711500
625343
508832
868068
273872
4408
533355
186350
685170
479829
189706
854986
2179
381236
649843
13899
355555
479004
327447
843487
75649
800243
914004
779270
592507
305611
751376
864816
705216
574544
913131
398178
968583
871259
440586
284452
819407
619145
416340
736423
685907
279312
872704
252223
122958
425435
511690
101617
324638
920269
723863
686908
150448
434431
963461
80659
102053
123359
101118
461072
282612
973561
650863
171436
599192
841463
52157
504924
949165
199854
633722
130588
914930
773302
360352
43591
439919
347576
222188
373290
330349
283016
395715
48228
87056
751245
161643
742155
785643
415586
413193
241628
408248
103335
13778
691255
87858
696059
276703
304111
30232
298690
60756
175986
572238
258895
420788
527465
811825
515550
416662
698743
39761
542460
837487
611574
876041
261287
434616
871935
232975
657298
548626
964586
698015
690801
421666
445443
123143
12599
757180
745565
825007
761000
767384
57703
855957
162447
377443
726393
229959
303259
116671
654792
913203
970699
879500
592314
967765
268628
24451
259250
906769
429640
610813
396362
44912
69145
934925
280113
749925
545287
566207
805546
838780
573351
987590
985200
906245
831258
843663
194580
211793
979033
233363
992160
895860
165545
379286
892685
122005
782857
460855
220395
743331
571526
814179
321952
223343
969630
529185
311768
51102
446503
822616
483930
126402
198924
626539
302722
970517
858808
382083
323022
680025
314872
443428
161327
769134
232858
80845
135519
497251
713742
303739
551099
876153
53916
455469
359969
49991
810890
724388
911273
240361
658959
436313
587955
939757
582830
727670
331258
783742
628853
165925
107901
939404
542029
307968
326981
987428
770333
935112
134843
560514
723838
185966
92059
446271
401683
4540
338335
507362
162849
152423
185231
10728
848048
532944
936813
106524
564317
805544
552752
186596
812219
344590
273015
804154
768754
801577
96115
803386
800882
393931
101408
21809
539019
208317
404599
329588
668793
966958
879083
597566
513396
678629
123145
878875
64697
308670
507804
760843
690893
922593
47311
390246
509498
654565
481326
724801
567474
121546
3280
525298
471360
736471
859056
482244
807189
697688
167071
922255
87823
634348
261079
314183
45652
376118
536347
503614
817300
795360
293597
697850
561144
364745
501755
502830
5867
793801
516373
558250
733428
196840
395679
394047
841844
513919
353720
540258
760263
816752
719997
981378
879949
583872
841365
10731
348189
658627
487528
90445
923136
736628
410580
435252
840965
489379
873348
374942
969544
186869
712392
832026
545974
13641
366167
217656
924073
752606
660045
726463
268734
936964
623539
268206
244567
191526
773184
65095
157091
793789
38104
533715
515423
239951
919701
949365
601434
935537
709778
545417
204355
958816
255190
163778
775945
934432
93348
727033
72733
987861
910803
445778
934727
625123
949385
751530
930167
453124
559682
211152
649916
343929
234898
678073
850769
338165
98833
923636
258721
365667
428631
66349
650160
270879
756900
438825
319380
8054
450379
528534
266901
827840
173560
99719
614180
997397
196056
461017
141060
747046
118104
320482
167874
808066
164890
538911
163038
818102
893806
993913
264895
560263
262439
886717
912030
54657
784494
54921
977767
591331
317419
864758
262155
9948
852193
235271
836711
749250
524536
94280
800191
875894
836950
376416
675592
243019
297877
710521
8827
388076
406341
562916
463707
105258
280855
509224
72220
634293
5646
18309
683967
485558
936103
294625
233916
853943
803551
707744
212933
213468
287170
363517
617999
554773
144328
618172
169360
298601
286415
670846
3864
556279
714691
888933
617568
160619
356041
892423
847470
991815
303899
277149
273884
157331
517
841518
402810
504570
965142
299080
707278
609702
59308
464037
794840
1788
845126
803959
651376
79902
444371
521536
142353
274406
713118
161072
625025
188056
473777
492859
910404
96709
85050
377627
191814
988900
773163
587795
204257
304721
710213
534569
717712
257294
195012
461375
579991
867158
202078
881569
519442
706181
665481
93237
754327
682217
773352
672748
297948
809505
863199
936575
224630
245233
506670
662684
475726
825607
506438
389215
580052
138855
831456
693112
292302
625582
190847
735765
298571
690169
760011
19081
859731
703947
159636
869803
883002
434565
681184
288430
362573
983040
879067
494543
403381
856893
516329
712977
326472
347208
531882
284282
391500
192506
961755
318036
195276
355128
527246
374052
314003
694697
606487
336985
64488
712658
839892
338544
531303
469907
534846
529276
437379
749586
531447
771308
242587
731852
899584
676150
997466
961607
890946
639198
311410
266942
646504
814976
238171
441755
826348
713181
736254
999585
520090
643088
924473
460631
494990
367827
313849
712664
807136
371439
182338
742130
79919
859111
544689
272587
325133
478514
764700
87141
570232
825598
456723
512630
299386
619480
321145
711549
788936
204451
168929
884391
304045
273263
409201
563110
684635
352315
656152
341550
694588
898148
948921
435157
52273
327480
274456
815104
190072
843275
603697
860541
229445
304351
948985
747367
271437
893635
955903
444051
885113
600400
838363
722071
256619
232088
153128
111328
544406
701979
532620
212312
378818
738219
559730
535337
692144
203711
428280
405311
574118
243735
994413
862791
302294
546994
553787
69157
992428
123816
530387
982501
309570
902690
137242
933630
710352
376381
672765
404192
239343
835060
429388
470732
955288
700151
858814
355339
451662
925240
829878
37808
505769
598513
874855
859394
350793
242403
229212
1692
453583
371536
261550
553908
640622
199226
330509
12670
152029
254299
241445
351577
200225
601373
337430
620076
506377
89766
583085
233361
872913
103944
75841
278070
731856
522212
914045
829531
42184
481194
62978
55448
478016
3120
521871
502431
59814
426727
971263
369884
936910
722730
944688
232004
62825
464413
698758
742129
212144
426436
73131
348712
323200
254627
526177
336008
492153
85532
834018
305511
825396
28344
315812
138909
89325
280299
653722
816376
400911
821289
390039
43770
405071
505298
34116
893768
337536
914686
694997
44063
86493
399517
217962
633348
512706
542525
391367
991180
873252
656696
745126
275889
462257
756029
186584
22395
980461
672297
953026
126917
527236
430960
927067
164315
335932
879676
589644
575284
95398
651808
341369
64186
921506
474175
779320
554469
172155
552797
507606
986618
870161
802076
909712
660131
889348
588882
859590
555811
749100
579772
143111
505147
434445
228992
556748
790553
517267
926498
509053
332718
938311
287700
524102
853790
601492
519683
600914
10468
933513
555516
545009
349280
869317
353037
905386
807402
225919
86341
212043
360080
441609
111081
577785
736638
146248
326625
577053
937214
59191
35757
235490
324536
29234
282464
19601
239711
196415
688113
84361
208145
75689
567511
664237
325872
251603
992580
112978
419329
150877
522213
51521
346812
553843
341374
186760
894635
810868
934170
919120
139673
823502
556301
115599
532443
461600
520689
610191
641977
359812
574182
742964
592287
932078
838045
947722
558643
241591
476975
851202
840084
791997
695297
946800
154399
932544
285020
770230
501304
401894
633451
505916
58200
832587
261951
807136
137222
993691
49804
119637
68273
477558
10421
488090
56772
984844
227342
194205
273164
702582
177071
790024
380404
872110
847357
371537
527200
254700
130657
750083
20753
719134
707670
128986
956571
550030
913749
216486
912183
55548
696703
588632
683650
702516
366346
57490
417226
750380
176837
245242
157333
566503
79711
951081
764050
720311
525124
731614
57234
558048
312410
461144
412842
900830
961772
746074
751865
117449
3840
786452
722252
960247
243444
303007
291640
869013
16776
205703
164916
17249
689236
444086
723934
253333
911102
352508
130433
632323
125161
194088
543073
942844
87963
601368
752625
396036
37935
374313
949328
955226
44232
443613
269464
483871
799290
820125
380554
551896
413155
176899
822511
482968
784797
168781
509298
438931
514673
792815
885511
903925
823219
523508
522023
303553
486113
310991
2513
872734
946914
393467
868672
265434
370291
767936
525377
955854
563284
901422
917904
743849
734405
510725
458359
552602
727651
738639
982840
856856
279710
553408
59244
361700
55743
632417
636545
845246
210862
505861
458023
827259
442140
545273