781
9510
4152
1157
8516
2998
8992
5968
7211
4547
8159
4634
8815
4452
1021
6229
3217
7200
3714
151
8592
1076
2046
7303
8658
3028
3407
3656
2391
4061
2545
4750
412
7266
7305
5142
9486
8374
6570
9523
2200
6338
5557
8558
6598
5523
1144
2388
6489
9399
4566
9189
4206
5128
2901
8714
344
2838
6565
5349
6015
9887
980
3143
5539
2396
4368
485
4328
4676
1546
1606
8924
1824
5214
2241
3553
2943
2301
5439
6055
5925
8430
4593
4628
3043
5160
6692
7887
4924
9326
9028
637
1483
5227
8924
4391
1152
5357
5261
7294
6603
9163
5363
1020
5139
2470
67
1392
4531
2523
7165
1880
9129
9733
3399
7578
5067
4963
7340
7165
9620
4330
4902
1705
9971
5883
5731
6708
5213
5888
7678
2704
6292
3820
975
7891
3369
4843
7827
9191
7085
2271
9042
2952
840
6105
2782
1148
1653
9199
1912
1807
5853
6338
6501
3719
1777
7091
7037
1747
1819
5570
8946
2076
8477
9167
1096
1569
4833
5008
8098
4491
3675
2100
8152
5533
1327
3241
7466
7533
1207
7721
8563
8021
7436
9998
7126
5728
9057
7545
2721
1542
2344
3158
1518
4604
9197
7484
2049
1673
9022
4742
9719
1706
4514
6808
5716
6364
5445
8953
6434
4082
362
9912
4053
2076
4613
3714
7127
2853
9475
811
7902
5618
1743
8405
6458
556
2127
8518
2400
27
1770
7212
6140
2852
2923
8225
3751
8794
7833
2177
3008
325
8979
5328
4407
7689
6440
9507
7786
3657
1956
1982
5253
133
9157
6102
3108
441
6619
5992
7125
7487
634
4368
5418
9847
8655
8259
4198
927
1925
1092
7861
6355
166
269
4998
1928
2323
2831
6328
3724
3791
3477
7241
3576
6778
2685
4189
6966
6262
8045
3990
1558
9629
5547
6117
3276
8552
1116
9174
3200
7426
5190
3402
1742
1523
6518
6381
3910
6348
4671
9760
5780
9593
6152
6660
8714
7930
7540
3468
7096
1057
4169
8918
6356
8534
6571
5309
7699
1610
8853
729
9215
5138
397
4323
8499
3939
6611
3466
5240
2821
9208
5890
8130
6653
1757
4074
8096
7799
5296
8253
9035
3159
1750
1575
4946
2057
8226
5326
7816
3108
8651
692
3983
8694
7151
8639
1573
2671
6045
3380
7013
4142
9487
2259
439
7374
3915
5737
8227
4442
8717
8868
3775
8768
793
9720
1740
9130
8045
2576
6661
3239
7430
2278
8820
7029
3278
9474
8342
458
5738
4068
2070
9921
2769
712
4640
9588
9171
7491
9926
4527
3543
6671
4320
4431
6518
7127
8608
8706
8929
7732
1581
9135
311
7213
4808
5337
7002
4858
5900
4930
189
9770
2948
264
1523
9934
6510
1440
6921
3712
2019
79
3189
1194
2740
5080
8922
4690
1270
3200
1809
6681
4082
8259
9296
3311
9553
147
166
9044
2977
3913
4607
9986
8610
9460
502
4652
8041
3065
4992
5658
3170
9203
3597
8261
6351
792
9685
2805
9665
8674
528
4420
413
5220
9541
7589
7104
8328
2685
3957
4638
3868
1783
8559
8243
1214
3373
2327
1242
9367
2514
3767
9804
4359
8000
4884
9397
3845
9519
7632
823
4683
4490
5388
9448
7355
9464
5504
7445
4437
1766
9838
8210
1514
5621
6866
1008
3814
2061
8770
8761
7475
4243
2937
3286
5016
8862
4862
4213
8674
9414
5093
8974
1130
8911
7855
1556
8590
5274
9738
5407
9407
9416
181
438
5997
3105
3480
1375
7517
6428
3347
7902
1032
5811
132
2186
1302
988
9393
4850
5203
1221
6167
3126
5701
1732
9695
1942
5112
813
1444
2738
7126
3667
9195
9228
5337
7159
651
3231
820
6264
9976
7852
7335
2534
1623
6847
5065
5655
8095
8643
8068
1463
6181
8160
7806
187
6892
9191
4881
1949
5239
4264
6165
6534
6722
7466
3538
7142
6672
6374
912
4143
7107
1203
3081
4888
3990
5676
1898
5243
2500
1935
9663
3590
1138
1912
3261
3681
4595
5984
2246
5275
5402
6373
1126
5945
105
2591
9442
3149
7853
5369
9202
4177
5848
3741
7415
9041
5076
4358
4914
9250
4808
1021
8113
7474
2884
8535
8520
5978
2999
3864
2000
2508
9411
8326
1073
7555
6103
9813
7151
7141
2694
1365
5810
3286
8346
5612
7042
6010
3351
5294
9011
7991
769
398
4835
8478
3550
7298
3219
6377
3294
8404
766
9649
4462
5291
3974
1342
3719
8028
8757
4671
2393
9297
3330
6816
2111
276
5708
971
8724
8096
4569
6295
4300
1876
4094
3991
6
4586
9629
2450
5586
4950
3539
9087
592
9521
9069
1849
9942
6718
2109
2829
2434
4933
7194
4920
5317
6174
6784
4778
3261
7161
2012
9013
176
2932
2538
9340
4433
9894
7871
6349
7784
7978
2747
7891
2226
7462
5904
7516
7451
7814
475
9703
8340
6520
3671
9980
3393
4697
3454
307
8330
6101
2738
2861
6838
452
7641
3285
961
4468
7153
341
2098
5801
7552
6633
7482
6282
5085
4763
7878
9167
2575
8579
2318
5937
1706
2080
5661
6660
6764
8901
7492
1686
8584
721
9654
5003
4810
3024
9899
6146
7270
6411
6375
2790
8777
5048
793
6746
4336
7896
4925
5782
3005
7104
8535
2856
7385
5374
5429
3894
3139
5036
9779
6852
8431
7096
5190
208
5616
3729
8939
463
4849
4295
4439
3357
1050
2548
8580
1077
7954
6508
4024
825
2470
5610
5786
5929
6492
5017
5321
8947
6811
7704
674
3877
553
894
2210
2675
1665
3848
6740
3802
3045
6756
5248
5325
501
6194
1940
8565
8783
7088
7576
4401
6231
48
5248
6003
7204
6999
2929
842
5416
1577
5895
2158
1904
6118
3821
146
4599
7218
9970
4581
7593
6139
2322
2157
5329
2534
7512
8025
3668
857
3777
5249
3662
6861
8310
5030
269
3963
1454
1921
5854
4457
9748
7407
999
9399
9270
9268
1610
9300
8295
5201
2682
5109
8529
9062
4652
4563
1609
7582
75
8098
6332
6649
9943
8027
9168
6254
5022
8622
116
6165
2467
4659
4627
4082
365
5572
3880
645
5261
5475
4957
4879
3640
3773
9162
3329
5602
6078
2491
2363
606
1410
2230
990
5815
9002
3864
374
5578
5181
9553
9925
7596
4263
9932
7283
2497
9174
6258
1466
7750
4976
8708
8733
9185
8820
119
6920
4587
7952
2576
4326
8935
3374
2785
984
7488
2123
5361
6891
7645
2751
922
4122
4942
5535
129
4183
5486
7432
2548
9789
7482
2892
781
908
2375
1242
772
751
784
125
7346
7443
4880
1765
9348
581
7805
7605
3487
4103
3486
9522
8087
9247
9237
1837
5454
7186
9685
8493
3895
6659
2559
7953
4938
2781
7792
7691
6506
3847
2364
9030
8948
2634
7535
9428
4714
411
5527
9238
801
115
5803
2964
8553
3928
4702
8691
4136
6954
8037
6052
5265
4949
2839
4427
3643
9340
5108
5624
9771
7196
257
5063
1538
3317
6292
6563
2893
4340
4686
3898
2412
3515
3658
4263
5978
3572
684
5204
7607
8327
2413
4567
6627
5032
515
1795
6478
2891
3696
4399
5458
7956
4702
4632
9950
3049
2086
5045
7800
342
913
1963
2714
7320
4141
5691
3453
33
2662
217
6230
3435
9891
7147
7575
7282
3040
8382
3173
7446
1926
8554
3459
6438
7255
2058
9299
2426
9561
6755
7915
414
93
4020
4889
8770
9521
2534
390
9487
3094
7420
6351
2048
5656
9058
580
2566
5602
8996
6628
1314
3142
1539
7793
5075
6950
8308
4517
6161
1712
4225
1307
2109
5254
525
5846
3185
9023
4602
7404
8860
5768
7238
8828
2873
1207
1105
8902
4077
8548
7919
8217
6275
9210
2421
6598
8536
7655
3450
864
6272
9376
4358
6093
4255
6379
2852
3365
7255
2688
6998
1388
1019
9211
7611
6245
6882
207
8825
1638
37
9441
9797
2218
876
9544
3520
7566
5875
234
8244
3662
703
2741
7721
9531
8680
5641
4222
5654
2529
1088
3147
3464
4531
553
9128
6629
4001
5339
35
8452
9216
8505
8652
6849
9194
2996
5704
4284
3840
9443
3390
2494
9628
372
7366
6264
4385
1194
1348
5520
2090
8565
8121
8593
812
2065
4452
1694
7879
503
9061
1080
1769
9439
937
8486
1601
5324
7047
6727
4059
7118
8066
4981
4180
7530
1866
4818
9855
405
666
9580
8358
5486
1231
5495
728
7634
9031
4643
6116
868
2851
1901
1621
1357
9644
620
3949
9631
7988
8304
9333
6431
5816
4975
6230
8495
125
4530
3967
4057
2636
5686
8299
7308
2420
6936
3266
6266
9580
7669
1376
3462
1609
6719
6684
5806
5033
427
595
4128
5904
8907
7170
7949
9314
1143
6458
4318
7931
8330
6088
8010
1267
2651
559
1060
6227
7143
4410
9832
8936
9876
5684
1515
252
4766
1176
99
8434
7559
6205
5868
8537
1817
3244
1880
6109
2325
6678
4463
3343
3024
6254
3872
5791
5769
7046
2880
5573
6077
8551
3835
7255
5099
7002
9166
4820
3864
4189
5262
652
9166
8732
6830
5162
9142
4103
588
2303
260
8544
5496
7969
4180
717
4980
4831
4984
20
7335
7861
3634
5931
9736
9853
9636
7572
5789
1634
5937
8302
1444
7217
4059
8429
3970
2985
3834
9027
4001
3957
4548
82
5461
9043
2129
3265
9073
4634
6781
8614
798
5311
3077
333
5915
8197
5997
2968
3934
8241
6506
2216
4323
2325
3240
4936
2559
8177
3177
8133
5121
8852
224
8888
3026
9158
5679
5309
381
9144
2946
3435
9558
5569
9948
4101
5588
3750
8473
2246
6912
6188
3368
9745
5955
6120
8324
7131
2705
9082
9370
8578
1227
7213
9036
2637
2382
6406
6356
1618
3077
1147
9870
7172
1893
20
6249
2469
7733
3095
4571
5887
1213
2609
9261
4038
6326
8511
1766
6133
2705
6561
7753
4963
1703
2185
4330
284
2563
8180
58
6556
7927
3841
5711
2779
3244
2290
2704
2794
4284
5874
4686
5688
7323
524
5509
4856
7422
7281
1149
3280
2613
7083
4001
1824
4924
9917
803
3155
3015
5073
5250
1217
5666
6975
199
9868
332
7006
5580
1373
5293
4854
6649
151
5702
3377
6092
5908
8227
4334
18
4336
8750
5407
6013
882
9445
3742
8185
446
1521
502
5710
6367
3517
6410
4269
7864
9941
2695
9201
4172
6946
1398
8776
8206
8070
118
6898
7583
8628
8151
3661
2414
1847
6745
2661
3731
5165
1362
1585
5532
224
2512
4072
5779
4016
5720
4865
976
7018
2818
4520
7831
47
2415
2614
7651
6895
8983
8926
1970
3987
3909
6120
2067
7882
8084
5096
8231
8838
5527
6640
6618
3822
176
4133
8680
2043
209
8427
2359
3853
8201
1827
1340
4395
1688
4040
3138
9596
6273
1567
5221
2436
9516
8430
1304
6601
1655
5969
55
1115
1252
838
446
8099
6681
6942
56
8547
5781
5214
9241
6262
2460
9091
950
7720
7478
7482
257
5189
1980
9696
318
6005
4370
5938
2193
9248
749
6495
6605
1760
3458
6147
4185
8984
2201
7427
3863
8595
4548
2606
1536
6651
3870
6462
9726
4711
5058
4879
1420
917
3167
4329
2718
4843
4494
9727
3676
5062
3649
1909
2997
923
1662
9198
9460
518
2576
2942
9295
1607
8512
1799
1629
2337
7838
9294
1560
3706
3427
8828
7992
765
2439
827
2415
3816
4021
1530
8660
898
4921
555
2523
6872
2892
1945
7774
182
5755
9760
2590
6185
5415
1073
4579
8697
4334
1884
1881
6447
2329
5532
4118
619
4620
9698
9724
465
8363
6692
6776
5161
5090
4393
6055
1224
2165
21
3721
8369
9735
9421
3138
8565
5399
7801
5805
5565
2397
1157
8433
405
5414
8698
5215
2947
3111
6818
6263
5353
9791
3548
1941
3027
8726
9744
1146
6249
7470
858
2416
6231
5065
2425
4142
1352
4961
7284
7434
9395
6192
7585
8913
7778
3153
1266
5176
9626
1192
7342
5014
8307
5817
9194
4851
5759
6013
7963
9507
8283
925
6181
4692
7796
2874
5729
370
5560
2639
5029
3179
5671
8728
6140
8717
2955
2487
1033
1181
4466
2994
1870
3272
4873
8598
3739
4982
4217
819
9889
8356
9492
449
1707
7098
1388
7423
7570
7627
7105
3935
6571
9137
7131
7427
5849
4650
173
396
9425
5166
891
4624
8706
7791
4329
4879
4200
2154
7112
6369
3766
2708
5901
2362
3610
8182
2850
3576
5578
4833
3407
8389
4530
9193
8266
9260
6810
8004
5045
6337
644
4226
7780
3854
908
9831
1561
4075
9437
149
148
3036
3705
1265
7241
2742
3062
1878
4247
9676
4231
7505
1156
6773
4508
3514
9496
7963
1213
4415
9310
4800
3376
1510
1548
7725
9474
3231
8422
8503
9952
5078
5155
7926
801
6721
1777
2502
8423
6453
3787
4527
5646
3304
508
5198
3154
3606
649
907
1702
3123
322
9939
3945
47
5035
1685
939
7271
9322
7644
4046
135
4766
3562
5834
3928
778
6941
4367
6269
7749
357
6524
8998
6338
1893
4757
7735
2937
757
2171
8503
8163
8934
9627
9631
2611
4815
8381
5742
7080
2240
9139
5080
7582
7720
291
5190
894
8753
5274
925
9625
2211
7228
6296
8410
157
8226
1736
9950
516
1977
1662
611
6456
9930
9823
3437
3793
1282
6744
5786
2253
200
8792
9196
1802
9855
5150
2741
4252
7894
70
6488
8624
4425
2426
9015
9142
6334
7112
2562
6811
2865
9671
7628
7625
3950
6538
86
1072
6745
3699
3545
2902
7017
3841
5731
8064
362
9233
9333
4681
4228
3857
6318
6635
2667
4620
2957
8468
875
4832
8619
7486
790
9
683
4531
4497
5541
3822
3612
649
4159
7533
9910
7358
8991
5769
8286
8133
9872
1448
1288
6578
1459
5529
1800
546
9116
6711
5832
4784
155
8647
8455
9184
7177
486
6924
3801
4018
5322
7059
6428
3494
8738
4095
8712
6042
483
532
7922
3737
4914
9368
1819
3576
1562
5224
6471
9959
9605
4538
2662
6010
3691
5790
3546
7367
4881
6633
4357
1950
6669
7103
7024
8983
9069
7812
2463
4263
5947
6251
8663
131
8198
3841
6010
2717
5752
533
1121
691
8528
8293
3279
3192
4607
2607
2608
3593
8638
9323
6475
6233
6276
6927
1183
9299
9114
3393
7843
104
6275
3956
2877
2531
9763
1437
374
4623
601
2433
1627
9549
9589
9515
643
4567
1933
603
6761
7
9734
8366
629
5010
5069
4117
7031
4218
1395
1089
3153
9886
1560
2570
1581
3064
4362
5745
9067
9797
8011
4459
8948
2415
6843
375
5634
6582
5379
2651
2171
3444
5394
5728
6092
6604
7026
2606
5795
7138
6244
5812
5789
9421
3457
8447
4361
3455
4481
9134
1420
4220
5152
9248
4236
2044
7603
5289
5829
240
1969
3018
2067
8947
6180
7728
1195
6973
704
4099
9455
9551
6424
3524
7925
3286
9828
8092
5420
3630
5109
4438
5149
7111
9959
5448
6054
3538
6683
8078
4080
5601
3851
7005
5116
4920
2234
5783
6952
8806
1718
5382
167
6210
2754
3811
3510
1906
4981
8157
5478
8243
3761
3822
6288
5196
672
6498
5216
7405
3278
5555
82
665
4155
6595
4059
3017
4027
9092
906
7557
4205
5973
3163
2587
6571
5439
7699
2131
7011
894
7257
7884
2114
5949
2699
9626
3687
1298
2022
5409
37
9871
2037
2403
6608
8532
3182
1470
4692
28
6026
6080
6697
2059
4275
7756
3362
7544
8832
7325
5281
2049
4535
2677
9857
2508
5146
3018
6423
4926
4464
6915
9554
6428
8260
3244
9912
9848
6716
9363
5659
9819
8758
1532
5412
7126
4103
2724
9961
4604
7604
3981
5159
8713
7606
5427
5344
5663
2095
2067
3757
1595
137
5981
8196
9723
3080
1110
29
1354
5710
7569
616
9504
1161
5908
4184
6372
746
9175
2625
1342
7218
3056
5159
8061
7189
8564
1442
5102
5049
6706
4590
2837
4957
7412
9854
8642
3515
3324
2684
9579
3452
5125
1330
8772
4143
4657
3632
7456
8744
283
8285
4595
406
7870
2693
8392
4016
5215
6100
1158
7519
5775
3630
6439
6608
1046
9712
718
3623
9494
8798
1575
8946
7223
4254
7641
7996
1530
6734
5090
2273
7386
6815
1860
5582
842
866
2700
3381
6633
989
6953
6979
4382
5617
2918
1142
186
512
2286
4525
5781
2184
7061
9489
415
2954
4690
6940
3988
5068
7150
3286
3429
323
7323
1310
6158
1124
4847
5115
8778
8192
3049
1854
1773
6160
442
5744
3967
5185
7502
6438
9101
2457
3072
4446
8297
441
3954
345
8350
1807
9791
8714
7417
7151
9692
6287
2597
5763
8245
9503
3522
9897
1278
6372
2202
6638
376
3510
94
4291
5065
4146
3124
9398
8092
7786
2914
6666
4742
2051
1244
48
2690
6236
7149
7624
1468
8927
9608
6186
226
3896
3018
6297
3890
544
5633
3025
9209
7388
9647
2939
6295
1935
1538
1086
8854
4453
4801
5362
5986
430
5014
2053
4953
9895
5469
4048
83
3184
9089
7928
1216
1340
9578
6283
3136
4021
9335
7782
15
9592
7866
7159
734
7676
3426
1394
5392
8059
5508
9840
6480
4156
3267
821
293
5278
4209
7871
4729
8860
3404
1634
2298
708
1652
8591
5336
2372
7206
9722
4424
8815
9735
2863
6326
7447
5317
9097
7571
4624
4986
9508
5968
4586
8370
6713
4902
6236
2694
7610
4182
4775
761
8224
9371
5884
8710
7625
1365
795
8832
2066
9355
6020
7342
7082
1922
5582
2886
4952
3430
8578
5524
8974
9600
9855
5383
368
7833
33
7969
2945
223
8638
7555
9118
1576
6518
3095
7108
308
9534
1510
5150
3655
9057
4545
1637
1793
1779
4410
4595
4413
220
8824
1785
6392
6975
5049
3931
5523
2820
5282
1979
5914
4944
3309
6503
542
9431
9580
5709
5962
1532
528
7771
9106
7542
8893
8610
8207
2588
22
6285
2353
5595
9480
1960
4207
3857
2977
3914
1422
1391
3409
144
6340
4622
5024
3471
9922
5149
1246
4062
633
366
2146
2393
3873
5017
6107
4139
4002
1392
6433
4914
1958
796
6299
8746
404
3364
8055
1953
4825
7856
9416
116
1361
8978
3260
6745
6084
6219
9890
2672
3976
8861
8794
4896
6827
1223
4575
6049
7796
3756
7620
8869
3144
4176
1505
8005
9468
5606
1463
1568
5917
5864
5932
3153
9699
3094
5667
3607
7630
1812
4492
3887
7948
8260
3666
4104
1309
4047
2586
1712
4087
8591
284
885
7358
9845
341
385
2723
6432
5767
1704
6335
3662
2191
1113
1547
4881
4072
4289
6772
6036
1164
8761
4416
4357
6044
4298
8387
3090
7087
1254
5849
4594
5044
7398
3081
7993
6916
7830
8259
3614
3217
2853
4942
494
9978
3613
2347
6173
4455
810
1351
5252
7692
2411
6022
3953
4066
9987
3572
8260
3178
8217
5932
9455
9946
1869
8264
3292
3989
4029
2842
2604
5149
9662
2764
1242
1878
8614
5735
7152
9792
7203
6692
4529
5296
9053
8472
4607
6661
9329
1544
7860
9045
3762
5517
8146
2706
4248
1307
7367
1297
5375
7064
8795
8106
5984
9016
1422
6545
3102
2308
3866
3149
2041
4746
7990
2827
1542
9951
228
8360
643
9302
3804
8299
6615
9978
8891
6485
1331
6320
7726
5992
3786
7894
6006
2167
6569
4465
130
8924
1029
8046
1597
5733
1988
1311
9862
4286
4456
6342
2557
6454
2772
4680
7956
2364
9850
2729
5394
4027
483
1631
3052
7114
4284
8733
1178
3066
1286
9773
9829
625
6212
3978
9389
8333
6562
9166
4076
497
8337
6612
8583
4603
4200
5613
6551
7318
3906
1427
4405
5922
3442
6337
9918
5866
543
1900
8580
2225
95
5661
9059
5785
9171
1886
5151
3342
8836
3067
7688
2483
6733
7758
2496
8279
9300
4437
5163
5426
401
2688
8509
8683
6299
5724
9679
54
768
1921
6389
5797
6204
7483
4130
332
4998
2370
5062
6137
2784
7894
2886
1500
8724
5670
5398
7791
9294
3683
5417
8632
2811
3739
1639
5331
2771
3629
7709
1655
2316
9256
7099
1443
6056
5845
8030
7988
5403
4889
7550
2047
5197
825
315
3219
2526
5197
4654
1805
2829
321
3958
9180
2458
4538
2601
6506
9962
6097
967
521
5345
1701
6308
209
2372
547
4177
7658
472
9758
1040
7037
7653
9277
1023
3758
2426
940
5492
3165
8400
4398
9610
418
107
4805
3998
7831
9796
1459
3508
6721
3782
5898
2658
936
5176
2470
5616
3243
6651
8719
9060
1697
7684
6718
1099
6755
5240
57
9303
8749
1257
9707
1855
7616
2446
7028
5294
9679
3217
8436
5164
7070
6539
1526
6552
9495
3390
7103
7111
9425
1891
8329
910
7956
8996
5278
2734
5264
7493
8108
438
4437
8764
7797
7402
3523
8775
7865
6009
9505
5268
3070
8379
2406
5321
1607
1520
4775
4043
8896
5556
6687
2485
147
6893
742
9741
1142
2622
2261
8082
5485
7853
3113
2151
1259
5200
3920
9532
6379
1394
7213
5241
1932
9467
8218
8794
7944
6961
4093
7707
8945
4011
4147
4765
1016
1563
9037
7266
7035
1349
934
3509
7641
7934
1719
8977
8660
8914
6932
8155
3067
1824
5043
1962
8219
9147
7134
9430
9606
7110
7702
7846
1890
4377
1536
8758
3091
9861
5396
4707
5596
3351
2606
8846
2006
3746
5128
1681
5723
3173
2070
8390
9825
3347
4923
9409
7512
8983
2712
4386
5847
756
6073
8595
2555
3668
6903
8062
3208
5849
7836
5307
9362
6645
4448
9912
2990
5794
8979
6912
5231
9291
3911
6743
2895
6707
5522
5267
6759
9732
8220
6715
787
4510
8611
8731
8575
7812
1711
9429
893
9563
8772
3335
991
5654
4998
7974
2154
5390
2532
4770
7917
9708
5905
7821
8461
5986
9028
2510
4950
1199
50
5245
9732
6480
674
7238
789
1816
4259
3134
9345
1159
6761
1446
9760
3492
8996
4512
5252
9791
1625
4073
9619
2719
1555
7494
2956
6551
1227
4159
7289
9353
5325
9282
9708
497
2409
2737
248
7322
2117
1618
156
5121
8057
5902
3803
3276
290
4923
2756
2994
3653
7027
1485
8192
5002
5177
6492
8605
3995
8628
3688
7524
797
9834
9048
7401
7227
8381
7833
2839
2139
4914
5630
4185
1753
5907
1066
7459
7540
1635
9767
2906
9400
6803
6376
3886
2423
330
9910
9975
4545
9596
1574
336
3033
4102
6229
5472
7594
7437
4085
4216
3427
5140
9536
7557
1610
5107
5885
4993
6731
2195
992
852
1976
2953
3529
9202
4830
5332
2234
294
8827
937
1270
4237
9964
3019
6416
2561
1817
7540
9242
9152
1648
4004
7680
6267
2696
3177
6001
3864
4830
427
3662
2398
904
6
6013
8697
1402
2938
2420
2588
6204
6851
5816
2527
8608
5922
145
4645
1375
3346
9153
491
7660
1137
6433
5890
6418
6536
3951
9286
8199
4716
5744
7355
8966
4222
4654
9502
4883
5518
9981
4885
6720
2686
5112
288
7169
3622
9318
6949
722
1171
6897
612
5960
7082
9863
3196
7580
9974
6848
2249
9540
4757
9726
6652
6353
3779
1280
7642
3417
5619
8748
4862
5530
5941
3646
4350
6210
7244
4373
313
9820
4107
2266
2616
1692
1266
512
8812
7021
9717
7809
8565
6299
5254
7832
4886
3454
3478
6898
5020
9653
1731
6142
4032
4372
9184
4976
3441
5479
9295
3522
7334
518
4048
7381
3553
7673
898
686
1668
2800
1923
1864
9089
2751
8645
9117
5434
5168
7990
1748
6893
5025
4401
2620
2205
2388
4675
7152
3690
5054
1447
1416
9285
8821
3136
7280
3826
9401
1678
7111
6679
8964
8816
4742
6881
3509
4977
3297
9976
2837
9939
9886
5572
9234
3787
778
9093
6002
8800
1726
2495
3641
9322
3802
103
8547
7611
8742
9434
6312
50
9926
9257
8867
3633
3861
4303
9236
9190
7586
4261
9635
1014
8883
4908
9805
2749
6589
2387
6416
7365
105
5842
8219
4781
6296
3169
876
3568
2055
9944
6994
4822
57
6967
5145
5517
9930
8317
9038
6278
1830
5004
2907
8687
2283
425
4225
7112
1186
7214
3642
5204
7920
5230
4159
8374
9818
3347
5791
8674
4193
4891
4050
4521
1982
207
5575
7110
7814
2206
8029
2392
5863
8983
4847
1803
783
7423
4960
4016
8536
1821
5602
9882
8666
9915
172
5700
2023
7826
7363
6313
7855
4135
1012
2372
6304
3899
4511
4971
490
2391
3790
8539
7386
8751
5523
9620
8247
4656
4396
8776
9908
4233
302
566
2800
4115
2982
6166
763
8872
6359
2799
9842
8070
8289
8739
2838
1108
6203
5180
6271
7660
4640
3927
6051
1384
1462
5772
5336
2009
3163
6380
4945
7288
5219
3732
9238
8466
3349
7742
5568
1214
1126
195
6694
6011
3218
7413
210
4593
5025
1019
8432
2758
111
3841
5568
5905
8412
7437
8402
7580
244
6757
4572
3951
5432
7459
9043
458
2648
5392
965
115
6051
4223
7960
2274
9318
2433
9977
901
3417
9915
8108
5118
8913
2600
8806
7235
9078
9529
2926
6229
2023
4316
3013
3951
5218
2884
3039
7608
5771
2376
1019
8274
6521
6589
1346
6139
5466
1111
3560
4102
3185
743
6882
7317
7392
1562
6932
678
7061
7506
9948
4423
5466
8544
1292
8428
9408
8451
3568
5812
6283
379
2284
2179
4001
7270
6658
1307
5310
268
1662
8452
2228
2516
496
9908
3090
7142
8879
7456
2676
1704
978
6954
3034
6647
2686
1106
9687
1953
6445
2238
4166
677
1717
1270
2031
1119
6851
1168
1995
2830
3958
7692
1706
2464
2565
9025
781
4943
5803
9501
5785
955
5244
8408
1490
5661
3347
6793
2860
6411
7354
8672
2494
3992
571
7509
5155
5243
7047
5216
943
9656
6570
4375
8373
6332
6936
5833
6204
7589
6224
3079
3706
8771
2606
5101
4946
751
4687
7827
973
6803
7079
1473
4843
7954
6762
2831
1142
790
6036
9174
3234
1726
2805
3303
8713
226
4629
1452
3707
634
8513
6836
1644
5660
123
8018
4200
6733
5111
2920
3375
2844
8197
6242
6050
8737
3885
6851
1273
5185
2858
4222
7535
8052
6226
7814
9122
7750
945
688
6176
3673
6338
8841
7219
9039
7638
5656
706
5564
7533
1441
2564
7657
871
9996
5826
1386
1195
6409
3563
7669
9017
2107
7891
7143
7937
9577
2450
3969
2611
5763
7290
4561
977
7787
1330
3475
9352
9531
2029
3954
1547
8296
3393
3346
3327
4386
2185
1977
2254
1630
971
8104
3916
4042
2461
9655
2999
2037
319
9694
1509
4093
5524
3830
8377
4037
8477
3693
2982
1974
6147
8382
2055
3613
4729
7638
5652
4670
1270
1915
5995
144
6940
1278
8542
3820
3976
9476
6066
5739
4274
3154
8414
4302
8642
7810
7576
772
1982
9184
7654
5647
7261
6279
1306
9449
5590
1657
4065
1243
6800
1586
5593
2600
8698
8036
4789
9382
9859
4285
5603
5286
1105
1348
8717
3310
5027
2738
5717
5652
4893
5548
5162
8129
5190
4422
3594
948
4233
3814
406
9254
5309
9482
630
5252
127
1830
387
3414
1071
6074
6020
8739
1386
6320
3372
1482
691
6217
7071
5090
213
3797
8443
4382
9718
5783
8889
3065
9163
3312
7382
4633
3455
8086
2721
4798
4847
989
6013
6208
8641
3095
562
8841
2681
2653
6944
9327
752
4123
7241
1353
6468
3543
6938
7202
6713
8308
4347
5677
7403
231
240
2933
3282
9946
6453
4889
7284
2921
7617
9343
6410
999
4170
2457
1989
2467
5794
4468
4923
2521
1018
7275
5681
187
7346
8139
2152
4429
903
8086
9250
9313
3777
5434
4114
1156
7640
3785
4190
6571
3963
8519
8932
7996
7055
4041
3681
7481
8941
3855
9471
1459
1797
2809
3639
3801
1732
7641
1682
8006
7636
6691
9864
47
2264
1183
7454
3356
2791
1401
6880
5420
3184
661
2497
3104
6631
268
8326
8354
512
1645
2846
434
4913
8668
8358
4239
8749
5602
5378
7736
1752
5120
1539
8141
9677
1101
9290
1093
9988
2192
4995
1500
2345
1947
2984
5862
9223
4151
7929
7286
9447
6059
4384
4317
5580
4541
3090
1813
2484
5638
7284
9657
1067
534
1836
6643
1311
3886
1856
6941
7342
7862
6103
1534
183
9140
2670
9475
2008
6592
6446
6265
5037
8473
9892
1613
5473
9027
9264
9280
7232
6165
3224
7970
8664
9094
3740
3
5739
9511
1288
7414
9105
3486
1612
7509
4084
4712
8892
4992
2337
6462
8552
4173
7454
8431
1221
2181
1574
3100
4396
295
7798
6580
1126
1690
1681
7836
7900
2506
7650
9654
1112
7588
7518
4482
5508
5428
4966
1895
5355
8004
3781
3922
5951
5290
2482
7231
6833
9729
7647
7854
7397
991
1047
7804
5142
5983
4868
4974
4163
5798
8723
9664
8260
8078
1371
9967
3951
4516
7712
945
3446
2667
698
7307
3413
3409
3020
8639
6541
7794
5900
9372
6005
6005
8998
10000
9747
7269
6984
6379
6541
8921
5993
1799
3737
8223
5754
2567
7534
1882
1780
5759
3314
4057
9449
5301
8977
1873
1413
4425
5023
2389
9001
5707
3307
277
2278
9637
3213
5840
8827
9378
6577
4928
9127
9175
2692
2662
9267
7060
9584
9198
4627
2172
4201
5062
8659
9119
5978
3902
2391
6445
6791
3703
5052
8723
7954
661
5265
4391
1056
3433
4900
570
5978
6901
9100
2558
4754
471
6344
8898
4588
236
7291
2699
5250
3991
6957
8593
8142
7967
9583
3342
8844
4263
2043
3895
6550
6984
7260
1941
418
4989
534
6043
2014
8436
6484
189
6041
8399
2953
553
3780
4514
3627
5828
4068
9509
901
8763
8113
5382
1095
3496
5837
8196
4898
3107
1750
5452
4119
6975
9975
6377
8353
1329
3854
2783
4454
3787
5599
5518
3459
8048
2252
9985
4585
791
6836
4099
9645
6106
7959
5981
1224
556
402
4804
1881
2061
1341
711
9758
1638
4184
6253
8388
8037
9586
6513
2355
4132
9429
6886
5457
6349
9408
8220
3955
7521
3183
8163
1691
9135
2475
4576
3964
3811
8499
4619
6101
4240
8553
6446
8085
8532
18
115
4546
7138
1376
6690
5295
2195
7559
619
1786
9853
1090
2067
7297
84
2437
2524
372
7941
7836
4446
9747
131
9322
5091
3037
5804
7399
8395
9742
5146
3052
1893
9206
8465
6296
2136
6542
8219
1414
1089
817
6180
7575
189
5738
9934
6442
7262
8999
6241
1039
3339
1126
9251
4745
542
2620
7403
6493
9828
8164
2499
9276
5283
8906
5094
5688
4038
9175
8729
8740
4771
1765
9667
6895
5666
5906
3544
4379
7092
9638
1911
6286
7461
4839
8879
6259
1687
2872
3452
9765
8431
4858
508
1166
5338
928
9761
7308
7990
9944
8410
7220
5206
2001
3480
8865
2921
5027
2732
7858
2937
7025
4979
2028
5773
5955
1207
7412
2832
5807
5320
4548
2615
8228
9211
4375
4947
2348
1791
1980
8620
9151
2340
5550
6188
6830
8013
3243
551
1688
4214
8795
3701
8984
3854
8463
2894
6050
9945
982
6
9461
5947
3546
3988
166
4398
2251
5810
2618
1133
8418
9153
4107
1358
6512
9884
7425
1775
4436
9690
1623
2043
6276
5519
6303
5539
5217
9344
8210
9545
2971
7944
9231
9179
9104
5530
2793
6293
3337
4946
145
421
6697
1856
6314
4475
7588
1026
7662
3501
6334
5059
78
4706
1060
180
2609
1165
9045
2789
6470
8482
7937
8171
3763
2427
8845
6458
4674
6591
2066
864
4216
7892
4174
1215
9032
5079
5842
4452
6669
9546
2447
9725
9920
2114
2477
1735
7747
6750
1853
3955
6109
691
3145
840
4126
6961
5491
6970
8459
5904
8772
2902
9847
8002
438
4609
8364
2179
6116
5729
9231
2703
9921
642
3213
8793
8105
295
8621
4622
6486
3065
560
9626
1256
1847
6960
5476
3826
7513
7171
9065
6154
4001
7404
7915
5416
2236
7032
3265
3385
2812
6934
6189
4176
1232
3407
4618
714
8868
7916
7512
466
4612
9688
6959
3761
1863
2744
2630
4221
4756
3143
9982
8245
2885
9816
743
271
7359
9859
4280
7942
6219
4252
1290
2306
6189
7992
6416
9525
6285
6257
1985
7295
6337
9766
4002
2335
947
500
6067
7238
7961
6029
6069
8497
8631
8421
7362
2498
8080
8050
4385
2926
8853
2934
542
6593
4631
9565
2102
1778
7027
9273
7293
1010
3382
1447
5084
3139
5043
2230
2023
8324
55
7001
5030
182
1517
8424
196
3928
2004
7804
5753
4772
4299
5867
87
1995
9132
4012
5025
9962
3911
8104
4805
5659
6445
6819
2060
2024
6511
5295
7929
9530
9534
6436
4218
8799
8774
6399
6056
2592
4007
788
5295
7197
4807
4797
2114
7127
8032
9559
6017
9865
6184
9011
4568
6755
8306
1589
6841
2620
6811
5778
1610
8214
8472
407
8575
221
2413
3658
9921
3320
2374
6053
1913
5125
4448
5274
6819
3429
8399
3411
1125
9515
4060
769
1956
9012
4282
9867
5875
2790
9664
7675
8856
3756
729
60
7028
8139
2027
6534
5020
7898
4988
5091
3500
592
3524
1918
5896
1801
3440
5016
5925
7374
2206
7112
5616
1045
3719
9274
7350
1897
5131
5699
5492
2651
4012
3375
8305
6140
8432
5166
5394
6181
6287
3396
6730
3155
5766
853
567
4582
8980
8225
8574
125
7333
2551
5390
7327
8952
9620
3210
6160
8412
2886
3760
457
3062
5235
7443
6688
4657
8210
4663
4338
5164
8521
1445
3052
3432
4540
1616
2137
879
5086
7405
8272
3866
2093
4702
466
7740
5656
3540
8776
1347
5434
929
1125
527
7875
5512
6311
2477
2335
5994
9361
4151
4686
1281
9453
8612
2351
6714
3841
8432
5991
671
1422
4000
8949
9647
3553
3043
3294
3949
702
2396
749
3423
3937
9545
9624
5615
9067
7153
1812
1198
6884
9031
73
8770
5964
9881
5078
2160
4981
9909
3263
1126
3704
1781
2107
7370
5131
34
7258
8457
2732
3940
3204
2143
7562
4170
3585
8185
9796
5613
9315
5094
6539
8414
4991
8198
6685
5158
4561
9450
268
9952
6309
7413
348
8269
1004
428
8360
4802
4676
7778
6615
6849
9292
8204
2985
4173
7741
9651
6589
6887
4212
9358
4798
685
3094
6800
1267
8087
6057
9882
3917
5480
5033
4217
899
823
2919
2445
2900
902
612
2017
472
2679
5770
9205
1905
5322
8978
2750
9406
1255
5787
7051
4869
3658
2754
9201
5208
1556
4593
4041
5615
1915
1496
2882
1306
8387
3022
1925
3359
2358
1005
63
9113
8187
1869
1203
4645
3134
1732
794
9747
7872
1259
40
3129
2158
4462
3200
7666
2539
935
4833
7643
6556
9870
6652
58
9443
3023
7638
2208
965
697
9062
6765
2934
7577
2354
6261
2870
6326
531
9927
8011
7027
9252
8346
3333
3705
9840
5516
5045
6446
6035
4395
2739
8813
3655
7182
8824
6966
5085
6093
877
8270
7072
6318
9614
7730
9794
2783
2896
7294
7985
4647
5236
2395
1046
75
6504
7432
8125
7450
7950
2032
9729
5492
776
5614
2178
4652
3914
2100
1757
6642
2120
2331
2464
8470
9468
5332
1135
2109
2757
1792
5574
5455
1904
5312
7788
5943
5908
5934
7786
5137
841
2969
7403
1595
9685
9548
1144
2251
7017
8334
8605
86
3568
1985
700
5189
825
6894
8221
3142
3329
2548
2768
7146
9527
3154
5432
396
5963
9813
8069
5092
534
6715
2360
2172
351
5401
4426
6196
3187
2811
3994
6778
2025
7207
4599
7110
30
4742
1526
969
2633
4350
6186
7267
3407
4959
2935
1463
9707
8628
1944
6938
4989
3092
2129
2043
9220
417
7840
2816
8879
8943
9884
6385
2349
8179
5929
359
6037
3496
673
225
8376
6370
6552
2412
9584
4041
5835
4966
8979
7671
4440
6543
3600
9849
7079
2007
5177
3884
6957
1552
473
8679
5306
2403
945
3205
10000
7740
3645
5063
3274
6587
6751
9703
441
5141
305
5686
4578
491
549
240
9619
9936
1961
7193
9182
2300
1601
574
5091
8595
4885
7188
5710
9141
562
2897
9322
6766
8474
4340
4250
5106
2801
1881
4005
7265
1632
2747
2570
1396
4189
6695
8159
3667
1392
6202
1599
2351
7066
9128
5607
203
7955
1265
8642
7969
2879
2634
7991
8819
6364
3530
1720
3681
3917
8590
9161
5916
1909
9606
108
5106
7210
622
5123
3376
1775
3658
3751
9253
4583
3684
105
4416
8221
5353
6709
7224
8667
9452
7546
7081
8385
6152
7310
8511
2891
3925
5065
8354
2335
1635
4167
4557
8295
7899
1186
1438
2374
672
2990
897
2798
6949
8425
2765
8471
8318
1588
4339
3492
4585
6367
6912
2890
4000
4369
7739
5051
5343
4830
5578
6412
1398
9879
8766
7806
895
1701
4235
1390
3706
382
6238
4371
4357
6520
1673
5272
5968
8071
1907
4119
2193
9930
4111
4558
6843
7307
3704
1754
7076
1272
1653
491
7770
8906
3275
6111
2879
2185
4433
5354
6066
6941
857
6638
3737
7763
9016
908
7543
6010
5156
1588
1134
7985
8080
2244
232
7648
9989
4962
4367
2722
2579
3269
1655
1337
9952
954
3238
6688
1407
9692
454
3972
3011
9394
5951
421
3955
2535
1764
1597
2922
4976
1327
4520
8569
5616
5628
1156
8262
4784
8220
2410
5452
2380
3194
8830
1138
4473
5087
2889
5946
598
5014
7602
2392
7396
1199
2400
1168
3854
8339
9759
9944
4519
8462
6656
8853
6
5071
4703
4362
7891
1616
1348
7257
2125
5899
313
5675
2815
117
6934
6330
4137
5350
3556
2343
2165
7189
3826
6598
4900
157
5233
8766
3637
8410
2692
2507
7556
9850
4290
4939
3242
1345
804
8083
3014
8897
775
4774
4650
6338
6191
2000
850
7833
6930
3934
2456
3840
8634
4873
5381
7739
3933
6919
263
7864
7339
9837
1509
3324
315
3851
9909
6112
1945
5653
3572
1052
2756
5562
6014
7761
841
6506
4726
2023
6502
1444
9979
929
5176
6767
2439
1486
7850
8199
4407
8621
4578
6324
4786
8557
1964
7598
2955
185
4117
6895
5153
1727
99
8333
2355
9306
5235
4405
4697
2547
8425
2091
103
1711
7553
2982
2807
966
6124
1699
3682
2742
1751
1511
2912
5064
4829
5773
2477
5770
6799
6487
9169
8621
5820
8414
5250
9376
4093
5463
6424
3260
8282
8316
2782
1403
4178
3111
2450
1788
6400
8937
8387
4420
497
2822
1328
5927
6404
5283
6322
6350
7705
2162
4323
9409
927
8195
2916
2078
3392
9887
7929
2548
954
2172
7199
550
1741
3642
4217
2325
2500
242
7589
1004
6899
9605
4206
8003
5327
734
3099
6053
1783
389
4910
9072
708
159
6627
421
6591
1058
2155
4757
1841
1152
8888
6607
4285
8815
1541
8737
6296
7990
390
7195
1523
9151
5553
5855
7329
4804
7850
8706
8792
3540
5739
8629
9930
2425
8972
2140
2960
504
2064
652
9144
4927
7894
4693
1426
5623
9313
6996
4951
8314
4303
9701
4323
4430
7802
5828
4169
161
1407
4860
1843
8348
7512
4455
7532
617
562
8800
8372
8616
378
9865
9225
2030
7358
9406
6773
1193
64
3770
6862
616
919
4852
4773
9342
6870
2739
7139
4051
112
3413
8433
3004
5477
987
4986
5493
1578
2920
8503
1533
2107
541
7089
9290
97
7612
9571
4172
6615
2517
1909
4310
7919
1711
4471
5038
5664
609
7268
6301
2296
5480
1306
5870
4167
827
7156
8153
5459
6737
1168
4827
4247
5472
2678
7597
9
9411
4976
9813
5750
5859
355
859
8710
7740
7504
1932
1379
8319
4111
8894
8930
4553
7043
8493
9042
2073
6167
9330
2300
961
4515
4575
1022
5345
4324
4246
5756
1699
2051
1484
9768
3695
8837
8983
6666
1387
4141
7193
2305
2846
5446
3809
3638
946
135
1319
7556
9821
9807
2657
7028
1792
1704
3660
6854
5108
3052
4421
5395
1805
5971
2517
4523
8970
348
7458
2667
5180
9611
8413
1668
9373
3923
5629
6497
3852
2323
6936
6346
5189
3039
2896
6985
3109
4261
509
4230
1215
9872
243
8176
4438
4241
3467
5886
9110
6523
598
4665
9197
5895
3223
4401
7342
2458
2416
1739
1714
357
4185
5187
4649
3205
4778
3757
8807
9555
7513
7455
5388
5721
1133
6660
2013
3224
1065
7526
75
6741
8174
2910
7716
109
1527
8439
8594
469
4278
6831
41
1788
855
8745
4774
9081
1943
6752
8000
466
5494
321
843
3232
6654
6138
5561
8858
8017
8998
1545
7043
8662
5785
7271
7456
5431
7597
8935
5721
3121
7150
9673
1971
5543
5871
4677
1627
192
1867
5032
6592
8541
1981
7439
1981
6319
2824
6206
6470
9698
7272
3879
8813
3114
437
8716
1693
9529
4075
2899
4210
8624
8605
2014
547
9072
1286
2918
6775
1255
5801
5225
482
8981
1829
7197
9298
6429
7275
7321
1063
7256
2896
5690
2498
970
5406
3349
9672
4956
5697
7884
6767
7293
2169
8026
1710
1274
3143
5469
4202
3342
7951
6636
2424
8722
7879
2334
9598
396
1690
9889
4999
817
3155
6525
8116
8365
8836
8324
2959
1867
980
8407
4735
8667
8998
2970
55
4511
317
4264
7772
8861
2205
7093
9782
1821
6489
3034
4267
8447
8087
2956
2664
4352
3361
6506
5888
7022
2716
2883
3064
7460
4963
6684
7895
2949
3880
386
60
7287
8532
354
4015
381
4255
7849
4483
7419
6229
3431
5243
6802
909
5447
7189
9040
6873
5644
3978
1500
4156
5353
1126
1225
555
8675
5638
9032
9550
6914
3976
3269
3475
8303
2901
9333
8180
948
5760
8861
4084
5633
6817
3387
3523
9855
2427
8568
9282
3994
2916
4940
8591
3271
8023
885
125
9151
261
1270
6867
8745
8604
7296
2813
499
1782
5033
4393
2916
5702
7290
2924
4103
9149
7713
7739
792
9462
3064
1089
9741
323
8018
7768
5789
4571
1227
4467
695
5172
8678
7103
1617
1856
7673
2565
507
6927
1443
9780
3294
3615
3517
7426
3347
1469
1035
659
8037
5757
7965
504
9429
6349
1513
378
4795
3417
2120
9140
733
1458
6906
675
4932
6274
9151
5421
1439
9876
3130
2849
8835
3552
7803
9711
891
1472
9496
8322
2848
7947
6720
7001
1464
5218
4636
5887
9124
4305
9680
5690
5333
8877
9499
6906
399
232
8148
2331
5671
542
8823
3122
6086
9793
1197
8754
9152
1417
8391
4083
1167
7091
7973
2066
3162
144
5353
2622
3963
6646
6966
3110
1281
979
136
1349
7589
7613
7827
1655
5929
9936
7457
3284
9932
9390
9799
2810
4079
3367
7868
1855
2752
7794
8209
5066
887
9397
5153
4814
7654
8074
2928
970
5120
2756
9353
9296
5566
9555
737
8524
9583
6208
4045
9785
6230
4241
2288
6225
8006
9771
3518
1065
9114
9933
7228
6182
1614
6565
5691
9244
6260
9247
9942
9139
9779
9815
6340
4411
9489
1810
1841
863
5082
4153
5813
6300
3082
5629
5268
6941
9399
7
5123
1340
4312
2997
7316
5903
2537
2753
4648
6683
1270
4432
4191
8440
1350
2964
8118
2842
5474
4608
5039
6615
440
880
780
4075
9509
8435
144
7129
917
759
4155
9550
3341
4554
3692
8250
3100
7095
1289
7530
5964
4258
8889
3873
2031
3159
6826
6592
91
3823
7825
6989
6308
3787
9867
5642
3890
2723
8570
645
4600
5110
3244
9836
2681
690
5842
3053
5642
7816
116
2502
7417
3915
2127
3072
9610
3150
4255
9600
3476
5879
1811
3733
5645
7611
8837
8528
3927
951
9106
2886
1499
6888
8350
5981
318
1114
2007
1582
2321
278
2072
1209
4069
212
302
894
7021
1513
8570
1193
8735
7929
5209
3515
8833
2052
6942
3614
2061
4158
7729
6974
9943
9469
892
3504
6278
5953
2314
4273
9331
1764
3670
9064
1714
5730
7205
2754
1631
1770
5870
4687
1377
2205
5712
4436
3254
1368
4259
5068
9434
2947
3616
9913
205
5828
766
3001
199
5221
2327
332
3081
3884
765
413
392
8329
5961
7312
8196
2463
6534
265
7783
242
1494
9216
4191
3575
7148
9742
4927
5601
5139
450
6522
200
6725
7469
456
2787
5401
5142
7013
1399
1180
537
5362
51
9434
2943
1654
3842
1838
6498
7376
6483
1315
4053
6691
6109
8251
6477
9234
1879
4893
569
6463
9998
473
8621
1334
5288
2632
4951
657
6532
447
754
8230
72
4350
6037
9098
997
2648
8113
9135
9279
6838
9034
2324
7530
7946
5885
1024
4344
5814
4183
4089
9813
829
2301
7675
7318
8997
8972
2373
6863
7030
8356
7168
8254
1954
4664
6845
5156
6671
7829
4739
6360
6705
9890
1669
1017
2850
8205
6526
8547
401
9986
6741
2588
3448
5757
7846
7531
7079
6874
7398
9774
5589
9372
6327
8181
3706
4634
5113
4953
4870
5669
5655
9898
6791
584
893
5084
4030
4669
4552
5810
4397
8267
2374
9360
6432
3901
319
7212
1833
2978
851
6988
1526
7035
7085
4889
1102
7823
7165
8916
7125
1131
5453
8944
8979
8408
8286
6074
5143
1382
1072
6801
9417
3032
9268
8881
3060
6957
4882
550
5492
6313
4318
3555
5899
1432
8689
2711
6358
4780
9536
2935
8340
492
6814
8912
7607
9132
2251
7113
2154
3946
9620
2228
4963
9358
5915
569
1599
4985
5469
7679
1953
8427
4657
4717
1200
7400
5044
2913
6719
4351
6938
1047
6122
9151
9321
2329
1674
5708
7943
8726
5945
6683
4781
6995
9738
7819
9211
9579
3871
6599
2924
7510
2436
4964
1289
6639
9556
2234
8510
2337
690
1826
4032
8145
7826
2262
5557
660
2635
2088
4624
1471
8595
9612
5085
3076
4432
5595
9696
6093
2848
8117
9683
5188
9864
8211
9139
4971
8348
8086
3948
2308
2253
3217
9828
7863
3122
7068
2614
9903
3843
5282
784
5621
7502
3779
5379
394
9797
99
9296
8126
7164
8372
2413
2885
9382
605
619
8751
5425
9109
8931
1047
2655
8153
6690
4888
6238
4058
9063
8438
7076
4336
2422
9593
4131
7684
3388
6620
222
598
3094
8461
4365
6980
9146
372
6361
2097
1173
3270
5217
8395
7788
5461
5664
6772
2210
4696
6304
3977
7010
1820
6411
1127
7179
4736
1070
8930
9508
2560
9933
274
6099
8572
9111
8754
7714
8822
8972
3053
6358
5569
3459
8065
4098
4306
5341
7363
4248
4148
9194
4206
4122
294
6507
8573
9216
1036
8182
6398
960
4377
4145
8164
9564
8005
8444
472
5756
2412
9526
4620
9774
5150
8771
2899
5520
3950
3710
6200
2296
169
7569
5482
7159
6153
9852
6660
7756
2840
5438
9000
3297
1229
1132
945
8012
4113
161
2369
6088
655
4586
6497
3829
8840
5694
3782
775
6060
1915
8126
6810
2732
6529
1076
3867
9231
9948
1374
2265
5244
9261
4907
4865
7511
1809
3193
7205
31
1271
9447
6694
2805
1824
4612
5479
8264
7788
8008
7729
8534
6871
4522
4078
7847
1018
211
6054
7768
5644
1795
8202
503
5530
6621
1414
3547
2038
6283
4318
4072
990
8558
1941
4009
6322
5816
9648
3086
8279
3130
8193
3002
6011
3370
6891
2702
8770
86
9977
5487
9684
3302
4887
5205
6381
2357
4720
8505
5112
2650
3766
4468
113
8457
1800
9800
4097
4219
9738
7656
1082
4092
8777
2777
8080
6683
3363
9331
6364
4750
1944
3555
3640
6854
2747
2405
9075
3741
6893
5243
5974
40
2127
5167
2369
6763
3512
1601
5621
872
3859
180
2747
7529
3170
7019
5614
7539
732
1304
4639
2264
5291
7033
1577
746
971
2069
7903
9079
7583
4921
5395
587
983
3234
1913
1201
3452
4033
3968
2816
9813
1780
5706
9861
4853
545
2605
9706
6683
3026
9623
40
1055
433
8239
5190
9093
4215
9853
557
5630
1211
4488
2205
4458
2391
5133
9758
8844
9900
8233
1525
6931
498
7686
1481
2306
984
5648
7383
1027
3867
8615
559
8559
7404
3011
7866
8295
1552
2153
2628
8785
3420
2621
3896
9093
5009
7881
3533
4990
8883
2989
4386
6990
190
9112
167
9481
6820
9499
7286
7945
3864
111
3244
9675
9651
5454
360
7801
2157
6558
1948
5399
9079
3929
8876
855
5970
7667
3594
2899
5078
7247
2120
342
2834
2590
6523
3510
7497
5438
8474
5981
3278
6830
1525
8834
2063
205
2739
3728
6454
488
3524
7365
6993
347
6568
4937
5051
8832
9419
3687
2451
6560
8637
8485
6553
616
2149
2090
4687
6214
6709
8219
9061
107
7665
155
537
193
6742
3843
586
742
3353
8277
3401
8160
8239
9419
5050
6587
5137
949
4274
8694
2452
3307
8831
4615
6541
2712
5280
1239
2578
3037
5195
270
4123
9598
769
6716
1758
941
6751
1131
5949
9342
6319
6088
7791
7110
6621
4063
1166
5482
2522
1584
1074
144
321
8249
5470
7898
4092
635
2725
1293
3202
7502
9366
7312
6814
2421
2331
5809
4447
9257
9995
9040
1997
1282
1381
8238
3084
3064
2574
6368
4427
6455
6654
8892
3495
1783
8497
5374
5214
5548
2802
3610
2075
5857
7773
5727
9627
5256
1392
4066
773
479
7980
856
7720
7216
1282
5916
8762
4279
9625
5745
7484
9765
1591
7819
8147
3154
282
4218
8160
9720
931
5382
1737
6168
4602
918
8727
414
682
3787
5533
7297
5801
6068
4365
6625
7865
436
3878
463
411
3034
7968
5120
2155
3217
8839
9614
8565
1933
5022
931
2805
330
5671
6477
2950
6699
6023
6391
9547
4992
1798
7866
4133
4974
8555
4507
1203
4909
191
9389
4576
2975
687
4079
5536
2682
7706
1876
8766
2560
1209
8534
1468
5755
4637
9030
2287
9874
7797
6951
4416
8349
6747
426
4185
9144
7034
1841
1684
3697
4462
8404
8175
8944
3647
5636
3751
772
3554
8472
6276
2942
6113
9725
4161
9306
3690
9338
1179
4777
8140
8320
6625
3014
3387
1991
4712
9379
1032
2911
9535
1692
2901
5364
8380
8808
3055
5261
5669
861
7503
1909
5706
6195
2739
6972
2068
2325
7734
4493
8613
6133
2271
1365
4110
1277
4411
3093
2990
1272
4971
3190
4072
6877
3352
2930
6566
9670
2713
8153
6871
6663
8999
9928
9218
2452
8246
3447
4414
7286
3379
2875
3543
4177
1384
7761
5918
9046
5861
9915
7835
8705
2503
175
6454
4080
3090
2119
5002
9152
762
1876
1178
3013
8101
8520
3295
4246
4674
979
4442
7605
359
2687
9175
6447
2713
1818
2363
1113
7174
5736
6338
6220
3112
7384
4401
1670
3940
7684
9210
1149
6382
3813
8886
2270
4089
3784
722
9400
5567
5026
5215
7426
3563
4493
8794
6121
9340
8136
5952
2620
5917
3459
3162
7578
7431
8247
1588
1018
3516
5786
4278
8205
9136
1026
2327
6576
3211
3333
7064
8827
5048
6206
3830
8438
5662
3519
6075
4130
6932
8657
1029
8020
6195
376
8193
7735
3730
6327
34
1346
3520
8892
481
5828
1041
1488
3472
4092
3035
7597
3984
4164
1114
9739
8483
64
823
1535
7893
8698
7097
6921
8356
5881
3054
9820
412
7553
4888
4093
3724
6302
5237
1009
4082
1908
3616
610
8639
9889
5566
773
8842
3681
1352
8327
713
1150
239
4832
7942
6746
3512
2905
8437
8174
4605
150
9872
5545
6291
6017
8017
8847
6750
1704
5363
8499
9977
7318
2542
384
9622
1417
2728
6137
8755
7208
7800
8012
5367
3454
5036
8423
4936
6047
6474
2152
1765
7917
4943
6670
8700
7873
9242
5220
5189
2074
6026
7248
4571
7735
6396
6230
4107
6792
1829
6024
7582
9972
7707
4476
546
8490
162
6138
6023
8009
9379
8374
5649
9817
7338
9578
7823
517
4365
169
2660
175
4156
5209
6569
2427
4054
1712
7607
2026
6631
1572
3235
1264
1738
3541
8903
2943
674
4857
2488
411
3463
5944
1565
8076
5354
9921
5681
9581
7347
5394
6210
5802
3649
9473
953
4202
2411
7893
2726
9501
6965
6171
3223
4952
7965
637
8168
4890
8468
8751
875
3495
5510
1533
7849
9812
1
7209
9131
3911
309
4453
2471
6483
7506
7173
9683
2348
1663
3751
8561
9325
7629
7033
9404
9040
8006
6559
9850
8881
1092
2877
6974
1433
3314
8357
7548
5871
6060
2043
5966
217
4088
3531
5964
9871
7607
7930
7823
6759
2800
8143
2886
2837
2965
3874
2449
9086
4269
6690
5274
3397
4678
2992
874
6658
4053
3037
7832
7229
7453
3840
2708
3476
7469
3795
7660
7922
7224
3495
3282
3089
2457
7880
3735
7434
6166
4345
5602
7302
6394
6183
4198
4951
8151
6691
6738
9579
6673
2341
9094
4005
1306
9827
6784
439
4791
9288
5213
3688
4092
2466
1632
8511
7278
3555
7735
7032
6819
7196
9434
4003
2884
8521
7127
1066
8887
38
7625
1577
5182
2974
7015
8722
7570
9120
4763
8930
2132
7760
3770
5721
3752
7838
6211
2578
1218
512
6998
7180
3154
7433
6651
9579
109
8233
108
3479
3721
1213
8578
9432
4939
8686
2025
2679
415
7646
1538
8219
8015
1402
87
3991
1182
4843
1874
5718
9533
2638
2504
7142
991
4781
3958
5348
2446
6199
336
5985
1605
5490
570
2847
1941
7761
4195
2422
3981
7119
5941
4378
1353
6070
2461
5936
8640
4850
2505
5059
2664
6792
8649
9278
1601
1965
2723
7844
1165
315
2906
17
8151
1832
5954
3924
9985
3611
9715
3888
5205
5946
6014
2562
205
2052
1610
2110
1227
1757
5934
9469
5300
7376
5606
8959
4561
7461
296
3017
2735
7985
3563
1552
4428
4097
3959
6869
3765
9838
6486
7186
3608
5423
7263
41
2011
4400
5528
4919
5444
4355
5000
5692
780
4499
7565
2568
4815
9671
5243
507
2708
1841
7135
4165
7887
1215
6236
165
8738
4158
3673
2918
786
2361
8244
3262
4929
1915
4042
8240
1468
4266
7566
6997
2956
5538
1019
8062
8185
6288
3224
9165
5003
1275
3318
484
3351
4652
9916
6891
5811
4619
1945
8112
8367
7062
7598
8386
2732
7258
7872
5775
5988
4753
7190
9496
3494
9987
8053
2257
8505
8623
569
6535
6852
5283
3583
4622
9918
2006
5371
700
9427
1863
2016
7058
8477
5897
1860
2314
5286
5412
3576
5472
9255
7177
5029
2243
6885
3169
8156
7312
1450
7449
3907
1988
3397
9165
2150
5336
8897
5128
9501
5612
885
283
5109
6512
792
523
4062
9428
9824
7577
3448
2381
900
5096
5139
748
1417
3396
9184
8637
8006
535
6289
8508
5960
6654
6395
1191
9785
7664
1473
9071
7045
2758
1394
5272
6046
7917
3062
1121
2553
3580
16
2110
2472
5468
3824
7125
9816
4276
2425
8710
809
2503
1986
2324
7030
2896
270
9959
9212
3018
2906
1918
2124
9339
2584
3690
1073
6296
763
3351
7022
7384
581
5424
9620
5992
3677
6787
3385
1671
2129
3169
2767
8114
7487
8699
7214
9522
4314
1637
4488
5543
7700
9536
7095
2222
2931
4627
7798
6907
9894
2005
5577
6361
7705
251
5708
1951
1316
319
5311
8677
9889
283
7029
4765
1995
8520
462
6903
3438
2379
6758
1052
436
4079
8699
5007
9420
4608
3462
3126
9345
6774
4018
5293
8510
6622
9079
6119
6719
7544
9715
3735
3683
4567
8356
3842
912
1411
9497
3043
7773
5144
442
7892
9875
1875
9491
2020
5754
6939
1000
3712
9418
5557
414
3531
3905
6241
1894
6597
4797
3936
4033
3316
1056
3151
7229
6354
6003
5329
3283
5370
9702
7505
2072
9462
1042
1910
9233
7638
203
893
3146
971
3188
5797
327
6598
1601
7840
1096
8423
8980
4733
185
6163
388
4519
8008
192
2275
5380
4435
9069
5359
6909
2901
3942
2010
7638
8521
2194
4401
249
794
5203
2442
9520
9492
2972
5828
8666
2341
8888
6791
1714
9250
9003
5352
464
3916
6252
6930
6833
5836
9444
177
90
498
3066
2773
2862
7744
8334
7318
8830
6303
468
2737
59
9233
8594
8723
3609
3438
5339
9785
7781
7435
9116
9208
9412
3843
1815
5384
3069
7087
5756
4485
3360
9669
2889
5792
9648
5304
5720
6558
7588
9043
3804
7077
5544
7056
6513
7728
9296
7314
5192
2051
2694
3321
8282
3389
6072
2403
7511
1484
8857
1239
6791
424
3964
673
2279
4514
8795
8713
1994
3288
9412
3188
570
1381
6273
802
8135
5638
7821
9946
8577
7215
5753
2359
7692
3384
5964
5829
9494
9885
6014
4999
4145
8875
4973
5534
9795
9701
7016
1613
3295
6717
3259
5132
3391
794
2217
8703
1737
2450
6976
5767
2918
5058
8574
2606
2421
1493
4773
8719
9479
7365
9015
5534
6885
2328
777
1876
5309
429
4536
7103
9029
4303
3833
3335
1439
1138
3012
8070
4186
438
1937
5589
3151
6283
5025
7913
5488
7396
9103
6433
5851
9770
98
9385
8224
537
9837
10000
1157
9853
8112
842
3389
4077
7660
915
5701
5450
8971
7670
2954
7224
7295
4526
5002
2552
8733
7024
7000
2038
7007
577
4391
3882
392
2652
9591
6300
2810
2667
3820
224
3454
2427
671
7655
4404
4073
526
1072
3684
7166
8592
9597
5958
4599
8860
8364
8180
1059
3511
7130
7528
6897
1639
6212
5555
4703
1894
7492
4216
3680
9553
328
2266
1595
6637
9938
5414
2008
7930
4064
9308
5017
1714
1735
7016
6074
150
2451
4451
1122
40
2506
9938
6321
5390
6574
519
4035
6283
4331
890
4379
2956
4234
2156
8443
169
5322
5741
1396
1263
1735
7368
2664
6583
9336
8764
6607
5619
152
7375
8420
2182
6223
5073
4080
9882
4699
3106
6850
1689
8840
5783
5014
2772
2095
7617
9508
6750
5050
1835
7341
1629
8205
1885
6588
2923
1247
2620
5468
8501
2450
9215
1927
2255
5936
1612
3754
4421
8094
3222
4908
1717
8439
3827
5993
716
6210
7952
6036
8110
11
6233
2864
7874
2884
4785
767
3492
2465
4787
2043
5934
8593
5742
2148
9245
6510
6741
662
5640
6512
3281
581
5813
7656
2497
6458
1920
8911
4824
1623
3555
6690
9892
2770
2784
1735
2189
5619
6456
2004
1511
7524
8307
4211
5140
5068
6201
5141
2112
6102
8622
4916
2743
209
2877
2824
2640
4879
9107
4881
6062
9320
4617
3270
1546
7751
2642
718
8431
6493
3257
2849
8539
9642
1120
2976
135
1096
4188
1634
8778
9346
5972
9993
8027
9952
7759
3288
1067
417
6694
9635
6700
6333
273
565
5361
3152
7951
2243
9879
8546
5249
1570
7825
9313
9247
6003
2437
7082
5593
5608
8917
4052
2905
3925
7485
4686
6322
4083
4877
8035
4361
5635
1164
700
9534
6516
1608
2683
5084
3771
782
8027
9783
3974
2765
6953
7440
9915
3453
8347
2045
117
6229
7051
7418
1489
9789
8299
712
8415
2534
6974
1717
7283
2770
799
5471
8118
1095
4051
9910
7389
8872
3207
4187
888
4204
5508
2446
6096
7735
6062
4251
9290
6090
3850
7050
4735
3268
1009
4352
3931
1148
8335
3438
2420
2152
3742
2917
3421
3696
6077
7160
618
2145
4990
9499
699
5166
3640
2698
4247
4547
9925
3827
2743
7699
7346
3105
1232
4769
9475
2955
6672
7274
9883
2942
6147
3858
1746
7563
831
8034
8903
3617
3028
242
8140
9173
6790
956
5
8749
8330
5582
1902
3837
2535
3433
9956
6967
3630
5808
3858
4611
6625
6808
5471
8363
9859
4290
2097
6863
5892
1713
403
8605
5981
5307
8545
599
3357
2104
5480
7860
5172
5801
7976
1431
756
9676
7624
1133
8839
2469
6580
4791
3952
986
7086
6473
460
8672
9004
7750
5145
6858
4708
413
1850
5366
9441
9566
2581
1189
8825
7833
7810
1078
1491
1948
7055
2071
5782
703
9648
8572
4482
4216
5020
8540
7602
626
4977
6104
3656
6263
8114
3616
1554
1655
8720
9312
8694
8268
5961
9157
8292
4023
5333
2160
8227
6956
6836
2468
5540
8415
5568
2669
2114
6319
4832
1775
4098
4548
3393
1550
8051
9077
9706
3919
2663
3724
5510
1541
9087
9676
7171
1069
8721
6266
4645
3725
9195
5432
1578
7307
3340
9782
3031
9419
6615
9618
744
7263
6893
6771
4439
46
3982
926
7644
9814
3033
1830
4460
2059
7993
9900
1860
1361
160
9603
688
4808
2954
6772
8149
9622
648
5042
6445
5099
2455
2775
7876
5475
7582
6075
642
55
249
674
4517
9671
2797
5749
6334
8753
5792
6689
3361
889
4941
4560
6055
3000
8597
2926
8287
6045
7286
3884
5432
1862
187
5615
4920
5458
2019
3026
8920
857
7885
6496
3141
5441
3045
6328
7227
6114
765
7566
4267
8482
4505
3786
9104
1285
1782
1777
4150
4807
8392
2949
2588
8832
2864
3584
5463
