105
865
188
564
539
220
270
743
903
244
981
730
58
714
324
152
294
592
883
712
982
74
836
41
457
964
192
648
727
723
2
577
51
933
27
363
792
389
776
971
215
291
171
896
435
323
769
894
825
47
849
975
6
931
521
23
529
575
151
346
602
124
18
275
410
378
843
778
279
272
901
839
2
611
392
491
394
272
645
489
120
940
8
986
838
695
798
165
618
857
826
373
852
818
884
63
867
798
988
84
421
976
211
635
681
799
266
583
694
330
158
401
653
376
506
874
936
546
254
183
516
708
255
459
463
617
399
611
73
491
20
947
642
136
959
328
547
244
174
441
280
18
651
455
714
739
939
14
783
919
37
347
991
830
197
56
2
842
687
696
811
196
95
922
721
687
662
715
706
487
983
578
995
348
480
208
947
596
333
699
59
444
958
290
362
425
641
665
317
563
497
335
220
19
838
766
712
69
781
138
493
451
390
528
765
568
818
462
88
805
486
459
413
136
293
89
658
431
643
652
569
916
763
995
760
183
424
271
533
71
642
729
818
731
615
411
705
37
976
581
551
227
350
834
628
42
646
470
383
907
790
353
578
7
219
322
511
310
702
256
499
378
377
972
408
92
125
782
176
592
355
766
784
677
127
140
184
811
555
412
708
760
710
877
522
181
320
538
84
786
883
86
917
646
610
964
518
121
247
316
528
913
548
754
956
367
593
493
468
764
347
764
850
329
58
262
682
474
80
466
158
962
793
512
963
1
899
867
646
111
686
259
748
845
832
827
717
383
577
97
81
368
478
565
884
891
75
908
846
591
652
87
23
884
780
215
771
694
802
521
282
692
90
450
658
630
809
173
685
461
314
373
151
697
545
725
864
955
984
833
23
10
326
30
976
133
624
70
692
358
482
789
444
990
129
186
175
1000
831
872
649
333
134
200
804
606
63
492
815
10
792
269
225
198
108
318
1000
988
686
112
701
249
417
633
182
165
89
569
841
954
278
201
752
327
101
146
195
810
677
403
804
556
135
135
481
240
3
111
657
557
744
320
189
909
920
644
556
650
253
548
370
797
195
358
248
247
536
709
537
254
980
151
908
475
498
207
829
175
1
517
83
451
349
291
401
218
995
682
923
697
47
801
559
38
86
898
145
537
802
493
284
255
166
812
896
866
152
99
642
530
218
792
153
979
936
752
195
931
440
992
877
627
417
373
715
223
319
145
375
844
793
738
449
819
114
523
270
499
527
387
122
447
966
954
293
934
570
995
824
588
60
865
27
250
280
923
881
38
212
473
793
376
320
392
105
896
385
21
978
454
927
299
145
105
442
273
966
777
221
623
482
28
19
682
415
296
771
520
400
766
388
132
329
343
257
521
807
437
757
76
660
244
610
512
670
461
420
276
225
386
79
46
191
784
228
145
127
388
415
551
89
110
961
542
483
441
507
507
221
185
932
655
581
229
864
475
690
764
829
262
705
508
893
933
143
757
945
170
891
874
901
934
329
955
789
862
187
683
709
990
59
848
425
663
743
418
311
299
543
402
136
473
634
714
790
566
234
259
717
774
685
168
57
406
118
227
197
883
723
631
22
797
950
845
793
53
167
904
997
460
327
204
792
264
962
777
580
37
721
778
678
791
232
132
328
47
533
360
553
184
166
495
200
326
771
831
821
274
97
47
663
268
570
552
417
256
704
646
586
76
430
730
217
423
783
342
993
312
800
723
57
908
178
349
591
358
157
458
116
89
55
847
901
190
705
792
41
199
750
257
838
699
58
144
412
650
371
735
930
914
525
300
756
635
231
787
213
279
323
560
615
657
305
692
867
603
19
134
199
997
508
612
89
301
218
438
129
292
603
678
619
317
477
171
942
568
80
538
293
518
254
205
772
948
770
746
843
576
944
787
108
530
691
365
205
638
203
285
64
262
57
243
993
843
599
852
262
341
731
888
430
496
632
23
879
719
260
887
255
730
243
750
687
275
141
144
619
548
667
807
264
224
863
736
430
443
393
89
320
801
800
485
792
28
580
1000
322
360
94
591
813
642
242
837
542
296
179
200
825
599
75
672
258
232
797
958
227
400
876
434
876
899
731
411
696
174
506
894
748
160
885
465
627
587
429
977
651
652
955
883
981
59
31
962
394
349
697
393
686
167
691
743
640
853
217
464
377
15
491
458
464
254
787
233
720
11
735
537
110
158
504
370
619
675
982
562
840
654
704
972
686
797
867
560
50
224
14
351
154
390
720
280
733
130
390
537
7
998
711
573
11
841
990
241
621
68
427
114
105
3
